-223,-159,4dVyKZkaHIWhN0isvOOgQ5/81XE=,BRrGdxQzwgx0pfgg4GVay75+qMo=
-224,-159,4dVyKZkaHIWhN0isvOOgQ5/81XE=,BRrGdxQzwgx0pfgg4GVay75+qMo=
-209,-145,4dVyKZkaHIWhN0isvOOgQ5/81XE=,BRrGdxQzwgx0pfgg4GVay75+qMo=
-222,-159,4dVyKZkaHIWhN0isvOOgQ5/81XE=,BRrGdxQzwgx0pfgg4GVay75+qMo=
-221,-159,4dVyKZkaHIWhN0isvOOgQ5/81XE=,BRrGdxQzwgx0pfgg4GVay75+qMo=
-220,-159,4dVyKZkaHIWhN0isvOOgQ5/81XE=,BRrGdxQzwgx0pfgg4GVay75+qMo=
-219,-159,4dVyKZkaHIWhN0isvOOgQ5/81XE=,BRrGdxQzwgx0pfgg4GVay75+qMo=
-218,-159,46Ocbg4o5OvGL+JV0C2CN6jwvX0=,BRrGdxQzwgx0pfgg4GVay75+qMo=
-217,-159,46Ocbg4o5OvGL+JV0C2CN6jwvX0=,BRrGdxQzwgx0pfgg4GVay75+qMo=
-218,-160,46Ocbg4o5OvGL+JV0C2CN6jwvX0=,BRrGdxQzwgx0pfgg4GVay75+qMo=
-219,-160,46Ocbg4o5OvGL+JV0C2CN6jwvX0=,BRrGdxQzwgx0pfgg4GVay75+qMo=
-220,-160,46Ocbg4o5OvGL+JV0C2CN6jwvX0=,BRrGdxQzwgx0pfgg4GVay75+qMo=
-221,-160,46Ocbg4o5OvGL+JV0C2CN6jwvX0=,BRrGdxQzwgx0pfgg4GVay75+qMo=
-211,-160,46Ocbg4o5OvGL+JV0C2CN6jwvX0=,BRrGdxQzwgx0pfgg4GVay75+qMo=
-222,-160,46Ocbg4o5OvGL+JV0C2CN6jwvX0=,BRrGdxQzwgx0pfgg4GVay75+qMo=
-210,-145,46Ocbg4o5OvGL+JV0C2CN6jwvX0=,BRrGdxQzwgx0pfgg4GVay75+qMo=
-223,-160,46Ocbg4o5OvGL+JV0C2CN6jwvX0=,BRrGdxQzwgx0pfgg4GVay75+qMo=
-224,-160,46Ocbg4o5OvGL+JV0C2CN6jwvX0=,BRrGdxQzwgx0pfgg4GVay75+qMo=
-211,-145,46Ocbg4o5OvGL+JV0C2CN6jwvX0=,BRrGdxQzwgx0pfgg4GVay75+qMo=
-212,-145,46Ocbg4o5OvGL+JV0C2CN6jwvX0=,BRrGdxQzwgx0pfgg4GVay75+qMo=
-214,-145,46Ocbg4o5OvGL+JV0C2CN6jwvX0=,BRrGdxQzwgx0pfgg4GVay75+qMo=
-213,-145,46Ocbg4o5OvGL+JV0C2CN6jwvX0=,BRrGdxQzwgx0pfgg4GVay75+qMo=
-215,-145,46Ocbg4o5OvGL+JV0C2CN6jwvX0=,BRrGdxQzwgx0pfgg4GVay75+qMo=
-216,-145,46Ocbg4o5OvGL+JV0C2CN6jwvX0=,BRrGdxQzwgx0pfgg4GVay75+qMo=
-217,-145,46Ocbg4o5OvGL+JV0C2CN6jwvX0=,BRrGdxQzwgx0pfgg4GVay75+qMo=
-219,-145,46Ocbg4o5OvGL+JV0C2CN6jwvX0=,BRrGdxQzwgx0pfgg4GVay75+qMo=
-218,-145,46Ocbg4o5OvGL+JV0C2CN6jwvX0=,BRrGdxQzwgx0pfgg4GVay75+qMo=
-220,-145,46Ocbg4o5OvGL+JV0C2CN6jwvX0=,BRrGdxQzwgx0pfgg4GVay75+qMo=
-221,-145,46Ocbg4o5OvGL+JV0C2CN6jwvX0=,BRrGdxQzwgx0pfgg4GVay75+qMo=
-222,-145,46Ocbg4o5OvGL+JV0C2CN6jwvX0=,BRrGdxQzwgx0pfgg4GVay75+qMo=
-223,-145,46Ocbg4o5OvGL+JV0C2CN6jwvX0=,BRrGdxQzwgx0pfgg4GVay75+qMo=
-224,-145,46Ocbg4o5OvGL+JV0C2CN6jwvX0=,BRrGdxQzwgx0pfgg4GVay75+qMo=
-209,-146,46Ocbg4o5OvGL+JV0C2CN6jwvX0=,BRrGdxQzwgx0pfgg4GVay75+qMo=
-210,-146,46Ocbg4o5OvGL+JV0C2CN6jwvX0=,BRrGdxQzwgx0pfgg4GVay75+qMo=
-211,-146,46Ocbg4o5OvGL+JV0C2CN6jwvX0=,BRrGdxQzwgx0pfgg4GVay75+qMo=
-212,-146,46Ocbg4o5OvGL+JV0C2CN6jwvX0=,BRrGdxQzwgx0pfgg4GVay75+qMo=
-213,-146,46Ocbg4o5OvGL+JV0C2CN6jwvX0=,BRrGdxQzwgx0pfgg4GVay75+qMo=
-214,-146,46Ocbg4o5OvGL+JV0C2CN6jwvX0=,BRrGdxQzwgx0pfgg4GVay75+qMo=
-215,-146,46Ocbg4o5OvGL+JV0C2CN6jwvX0=,BRrGdxQzwgx0pfgg4GVay75+qMo=
-216,-146,46Ocbg4o5OvGL+JV0C2CN6jwvX0=,BRrGdxQzwgx0pfgg4GVay75+qMo=
-218,-146,46Ocbg4o5OvGL+JV0C2CN6jwvX0=,BRrGdxQzwgx0pfgg4GVay75+qMo=
-217,-146,46Ocbg4o5OvGL+JV0C2CN6jwvX0=,BRrGdxQzwgx0pfgg4GVay75+qMo=
-219,-146,46Ocbg4o5OvGL+JV0C2CN6jwvX0=,BRrGdxQzwgx0pfgg4GVay75+qMo=
-220,-146,46Ocbg4o5OvGL+JV0C2CN6jwvX0=,BRrGdxQzwgx0pfgg4GVay75+qMo=
-221,-146,46Ocbg4o5OvGL+JV0C2CN6jwvX0=,BRrGdxQzwgx0pfgg4GVay75+qMo=
-222,-146,46Ocbg4o5OvGL+JV0C2CN6jwvX0=,BRrGdxQzwgx0pfgg4GVay75+qMo=
-224,-146,46Ocbg4o5OvGL+JV0C2CN6jwvX0=,BRrGdxQzwgx0pfgg4GVay75+qMo=
-223,-146,46Ocbg4o5OvGL+JV0C2CN6jwvX0=,BRrGdxQzwgx0pfgg4GVay75+qMo=
-209,-147,46Ocbg4o5OvGL+JV0C2CN6jwvX0=,BRrGdxQzwgx0pfgg4GVay75+qMo=
-210,-147,46Ocbg4o5OvGL+JV0C2CN6jwvX0=,BRrGdxQzwgx0pfgg4GVay75+qMo=
-213,-147,46Ocbg4o5OvGL+JV0C2CN6jwvX0=,BRrGdxQzwgx0pfgg4GVay75+qMo=
-212,-147,46Ocbg4o5OvGL+JV0C2CN6jwvX0=,BRrGdxQzwgx0pfgg4GVay75+qMo=
-211,-147,46Ocbg4o5OvGL+JV0C2CN6jwvX0=,BRrGdxQzwgx0pfgg4GVay75+qMo=
-215,-147,46Ocbg4o5OvGL+JV0C2CN6jwvX0=,BRrGdxQzwgx0pfgg4GVay75+qMo=
-214,-147,46Ocbg4o5OvGL+JV0C2CN6jwvX0=,BRrGdxQzwgx0pfgg4GVay75+qMo=
-216,-147,46Ocbg4o5OvGL+JV0C2CN6jwvX0=,BRrGdxQzwgx0pfgg4GVay75+qMo=
-217,-147,46Ocbg4o5OvGL+JV0C2CN6jwvX0=,BRrGdxQzwgx0pfgg4GVay75+qMo=
-218,-147,46Ocbg4o5OvGL+JV0C2CN6jwvX0=,BRrGdxQzwgx0pfgg4GVay75+qMo=
-219,-147,46Ocbg4o5OvGL+JV0C2CN6jwvX0=,BRrGdxQzwgx0pfgg4GVay75+qMo=
-220,-147,46Ocbg4o5OvGL+JV0C2CN6jwvX0=,BRrGdxQzwgx0pfgg4GVay75+qMo=
-222,-147,46Ocbg4o5OvGL+JV0C2CN6jwvX0=,BRrGdxQzwgx0pfgg4GVay75+qMo=
-221,-147,46Ocbg4o5OvGL+JV0C2CN6jwvX0=,BRrGdxQzwgx0pfgg4GVay75+qMo=
-223,-147,46Ocbg4o5OvGL+JV0C2CN6jwvX0=,BRrGdxQzwgx0pfgg4GVay75+qMo=
-224,-147,46Ocbg4o5OvGL+JV0C2CN6jwvX0=,BRrGdxQzwgx0pfgg4GVay75+qMo=
-211,-148,46Ocbg4o5OvGL+JV0C2CN6jwvX0=,BRrGdxQzwgx0pfgg4GVay75+qMo=
-210,-148,46Ocbg4o5OvGL+JV0C2CN6jwvX0=,BRrGdxQzwgx0pfgg4GVay75+qMo=
-212,-148,46Ocbg4o5OvGL+JV0C2CN6jwvX0=,BRrGdxQzwgx0pfgg4GVay75+qMo=
-213,-148,46Ocbg4o5OvGL+JV0C2CN6jwvX0=,BRrGdxQzwgx0pfgg4GVay75+qMo=
-209,-148,46Ocbg4o5OvGL+JV0C2CN6jwvX0=,BRrGdxQzwgx0pfgg4GVay75+qMo=
-214,-148,46Ocbg4o5OvGL+JV0C2CN6jwvX0=,BRrGdxQzwgx0pfgg4GVay75+qMo=
-215,-148,46Ocbg4o5OvGL+JV0C2CN6jwvX0=,BRrGdxQzwgx0pfgg4GVay75+qMo=
-216,-148,46Ocbg4o5OvGL+JV0C2CN6jwvX0=,BRrGdxQzwgx0pfgg4GVay75+qMo=
-217,-148,46Ocbg4o5OvGL+JV0C2CN6jwvX0=,BRrGdxQzwgx0pfgg4GVay75+qMo=
-218,-148,46Ocbg4o5OvGL+JV0C2CN6jwvX0=,BRrGdxQzwgx0pfgg4GVay75+qMo=
-219,-148,46Ocbg4o5OvGL+JV0C2CN6jwvX0=,BRrGdxQzwgx0pfgg4GVay75+qMo=
-220,-148,46Ocbg4o5OvGL+JV0C2CN6jwvX0=,BRrGdxQzwgx0pfgg4GVay75+qMo=
-221,-148,46Ocbg4o5OvGL+JV0C2CN6jwvX0=,BRrGdxQzwgx0pfgg4GVay75+qMo=
-223,-148,46Ocbg4o5OvGL+JV0C2CN6jwvX0=,BRrGdxQzwgx0pfgg4GVay75+qMo=
-224,-148,46Ocbg4o5OvGL+JV0C2CN6jwvX0=,BRrGdxQzwgx0pfgg4GVay75+qMo=
-222,-148,46Ocbg4o5OvGL+JV0C2CN6jwvX0=,BRrGdxQzwgx0pfgg4GVay75+qMo=
-209,-149,46Ocbg4o5OvGL+JV0C2CN6jwvX0=,BRrGdxQzwgx0pfgg4GVay75+qMo=
-210,-149,46Ocbg4o5OvGL+JV0C2CN6jwvX0=,BRrGdxQzwgx0pfgg4GVay75+qMo=
-211,-149,46Ocbg4o5OvGL+JV0C2CN6jwvX0=,BRrGdxQzwgx0pfgg4GVay75+qMo=
-212,-149,46Ocbg4o5OvGL+JV0C2CN6jwvX0=,BRrGdxQzwgx0pfgg4GVay75+qMo=
-214,-149,46Ocbg4o5OvGL+JV0C2CN6jwvX0=,BRrGdxQzwgx0pfgg4GVay75+qMo=
-213,-149,46Ocbg4o5OvGL+JV0C2CN6jwvX0=,BRrGdxQzwgx0pfgg4GVay75+qMo=
-215,-149,46Ocbg4o5OvGL+JV0C2CN6jwvX0=,BRrGdxQzwgx0pfgg4GVay75+qMo=
-216,-149,46Ocbg4o5OvGL+JV0C2CN6jwvX0=,BRrGdxQzwgx0pfgg4GVay75+qMo=
-217,-149,46Ocbg4o5OvGL+JV0C2CN6jwvX0=,BRrGdxQzwgx0pfgg4GVay75+qMo=
-218,-149,46Ocbg4o5OvGL+JV0C2CN6jwvX0=,BRrGdxQzwgx0pfgg4GVay75+qMo=
-219,-149,46Ocbg4o5OvGL+JV0C2CN6jwvX0=,BRrGdxQzwgx0pfgg4GVay75+qMo=
-220,-149,46Ocbg4o5OvGL+JV0C2CN6jwvX0=,BRrGdxQzwgx0pfgg4GVay75+qMo=
-221,-149,46Ocbg4o5OvGL+JV0C2CN6jwvX0=,BRrGdxQzwgx0pfgg4GVay75+qMo=
-222,-149,46Ocbg4o5OvGL+JV0C2CN6jwvX0=,BRrGdxQzwgx0pfgg4GVay75+qMo=
-223,-149,46Ocbg4o5OvGL+JV0C2CN6jwvX0=,BRrGdxQzwgx0pfgg4GVay75+qMo=
-224,-149,46Ocbg4o5OvGL+JV0C2CN6jwvX0=,BRrGdxQzwgx0pfgg4GVay75+qMo=
-209,-150,46Ocbg4o5OvGL+JV0C2CN6jwvX0=,BRrGdxQzwgx0pfgg4GVay75+qMo=
-210,-150,46Ocbg4o5OvGL+JV0C2CN6jwvX0=,BRrGdxQzwgx0pfgg4GVay75+qMo=
-211,-150,46Ocbg4o5OvGL+JV0C2CN6jwvX0=,BRrGdxQzwgx0pfgg4GVay75+qMo=
-212,-150,46Ocbg4o5OvGL+JV0C2CN6jwvX0=,BRrGdxQzwgx0pfgg4GVay75+qMo=
-213,-150,46Ocbg4o5OvGL+JV0C2CN6jwvX0=,BRrGdxQzwgx0pfgg4GVay75+qMo=
-214,-150,46Ocbg4o5OvGL+JV0C2CN6jwvX0=,BRrGdxQzwgx0pfgg4GVay75+qMo=
-215,-150,46Ocbg4o5OvGL+JV0C2CN6jwvX0=,BRrGdxQzwgx0pfgg4GVay75+qMo=
-216,-150,46Ocbg4o5OvGL+JV0C2CN6jwvX0=,BRrGdxQzwgx0pfgg4GVay75+qMo=
-217,-150,46Ocbg4o5OvGL+JV0C2CN6jwvX0=,BRrGdxQzwgx0pfgg4GVay75+qMo=
-218,-150,46Ocbg4o5OvGL+JV0C2CN6jwvX0=,BRrGdxQzwgx0pfgg4GVay75+qMo=
-219,-150,46Ocbg4o5OvGL+JV0C2CN6jwvX0=,BRrGdxQzwgx0pfgg4GVay75+qMo=
-220,-150,46Ocbg4o5OvGL+JV0C2CN6jwvX0=,BRrGdxQzwgx0pfgg4GVay75+qMo=
-221,-150,46Ocbg4o5OvGL+JV0C2CN6jwvX0=,BRrGdxQzwgx0pfgg4GVay75+qMo=
-222,-150,46Ocbg4o5OvGL+JV0C2CN6jwvX0=,BRrGdxQzwgx0pfgg4GVay75+qMo=
-223,-150,46Ocbg4o5OvGL+JV0C2CN6jwvX0=,BRrGdxQzwgx0pfgg4GVay75+qMo=
-224,-150,46Ocbg4o5OvGL+JV0C2CN6jwvX0=,BRrGdxQzwgx0pfgg4GVay75+qMo=
-209,-151,46Ocbg4o5OvGL+JV0C2CN6jwvX0=,BRrGdxQzwgx0pfgg4GVay75+qMo=
-210,-151,46Ocbg4o5OvGL+JV0C2CN6jwvX0=,BRrGdxQzwgx0pfgg4GVay75+qMo=
-211,-151,46Ocbg4o5OvGL+JV0C2CN6jwvX0=,BRrGdxQzwgx0pfgg4GVay75+qMo=
-212,-151,46Ocbg4o5OvGL+JV0C2CN6jwvX0=,BRrGdxQzwgx0pfgg4GVay75+qMo=
-213,-151,46Ocbg4o5OvGL+JV0C2CN6jwvX0=,BRrGdxQzwgx0pfgg4GVay75+qMo=
-214,-151,46Ocbg4o5OvGL+JV0C2CN6jwvX0=,BRrGdxQzwgx0pfgg4GVay75+qMo=
-215,-151,46Ocbg4o5OvGL+JV0C2CN6jwvX0=,BRrGdxQzwgx0pfgg4GVay75+qMo=
-216,-151,46Ocbg4o5OvGL+JV0C2CN6jwvX0=,BRrGdxQzwgx0pfgg4GVay75+qMo=
-217,-151,46Ocbg4o5OvGL+JV0C2CN6jwvX0=,BRrGdxQzwgx0pfgg4GVay75+qMo=
-218,-151,46Ocbg4o5OvGL+JV0C2CN6jwvX0=,BRrGdxQzwgx0pfgg4GVay75+qMo=
-219,-151,46Ocbg4o5OvGL+JV0C2CN6jwvX0=,BRrGdxQzwgx0pfgg4GVay75+qMo=
-220,-151,46Ocbg4o5OvGL+JV0C2CN6jwvX0=,BRrGdxQzwgx0pfgg4GVay75+qMo=
-221,-151,46Ocbg4o5OvGL+JV0C2CN6jwvX0=,BRrGdxQzwgx0pfgg4GVay75+qMo=
-222,-151,46Ocbg4o5OvGL+JV0C2CN6jwvX0=,BRrGdxQzwgx0pfgg4GVay75+qMo=
-223,-151,46Ocbg4o5OvGL+JV0C2CN6jwvX0=,BRrGdxQzwgx0pfgg4GVay75+qMo=
-224,-151,46Ocbg4o5OvGL+JV0C2CN6jwvX0=,BRrGdxQzwgx0pfgg4GVay75+qMo=
-209,-152,46Ocbg4o5OvGL+JV0C2CN6jwvX0=,BRrGdxQzwgx0pfgg4GVay75+qMo=
-210,-152,46Ocbg4o5OvGL+JV0C2CN6jwvX0=,BRrGdxQzwgx0pfgg4GVay75+qMo=
-211,-152,46Ocbg4o5OvGL+JV0C2CN6jwvX0=,BRrGdxQzwgx0pfgg4GVay75+qMo=
-212,-152,46Ocbg4o5OvGL+JV0C2CN6jwvX0=,BRrGdxQzwgx0pfgg4GVay75+qMo=
-213,-152,46Ocbg4o5OvGL+JV0C2CN6jwvX0=,BRrGdxQzwgx0pfgg4GVay75+qMo=
-214,-152,46Ocbg4o5OvGL+JV0C2CN6jwvX0=,BRrGdxQzwgx0pfgg4GVay75+qMo=
-215,-152,46Ocbg4o5OvGL+JV0C2CN6jwvX0=,BRrGdxQzwgx0pfgg4GVay75+qMo=
-216,-152,46Ocbg4o5OvGL+JV0C2CN6jwvX0=,BRrGdxQzwgx0pfgg4GVay75+qMo=
-217,-152,46Ocbg4o5OvGL+JV0C2CN6jwvX0=,BRrGdxQzwgx0pfgg4GVay75+qMo=
-218,-152,46Ocbg4o5OvGL+JV0C2CN6jwvX0=,BRrGdxQzwgx0pfgg4GVay75+qMo=
-219,-152,46Ocbg4o5OvGL+JV0C2CN6jwvX0=,BRrGdxQzwgx0pfgg4GVay75+qMo=
-220,-152,46Ocbg4o5OvGL+JV0C2CN6jwvX0=,BRrGdxQzwgx0pfgg4GVay75+qMo=
-221,-152,46Ocbg4o5OvGL+JV0C2CN6jwvX0=,BRrGdxQzwgx0pfgg4GVay75+qMo=
-222,-152,46Ocbg4o5OvGL+JV0C2CN6jwvX0=,BRrGdxQzwgx0pfgg4GVay75+qMo=
-223,-152,46Ocbg4o5OvGL+JV0C2CN6jwvX0=,BRrGdxQzwgx0pfgg4GVay75+qMo=
-215,-160,46Ocbg4o5OvGL+JV0C2CN6jwvX0=,BRrGdxQzwgx0pfgg4GVay75+qMo=
-224,-152,46Ocbg4o5OvGL+JV0C2CN6jwvX0=,BRrGdxQzwgx0pfgg4GVay75+qMo=
-216,-159,46Ocbg4o5OvGL+JV0C2CN6jwvX0=,BRrGdxQzwgx0pfgg4GVay75+qMo=
-214,-160,46Ocbg4o5OvGL+JV0C2CN6jwvX0=,BRrGdxQzwgx0pfgg4GVay75+qMo=
-211,-153,46Ocbg4o5OvGL+JV0C2CN6jwvX0=,BRrGdxQzwgx0pfgg4GVay75+qMo=
-212,-153,46Ocbg4o5OvGL+JV0C2CN6jwvX0=,BRrGdxQzwgx0pfgg4GVay75+qMo=
-213,-153,46Ocbg4o5OvGL+JV0C2CN6jwvX0=,BRrGdxQzwgx0pfgg4GVay75+qMo=
-214,-153,46Ocbg4o5OvGL+JV0C2CN6jwvX0=,BRrGdxQzwgx0pfgg4GVay75+qMo=
-215,-153,46Ocbg4o5OvGL+JV0C2CN6jwvX0=,BRrGdxQzwgx0pfgg4GVay75+qMo=
-216,-153,46Ocbg4o5OvGL+JV0C2CN6jwvX0=,BRrGdxQzwgx0pfgg4GVay75+qMo=
-217,-153,46Ocbg4o5OvGL+JV0C2CN6jwvX0=,BRrGdxQzwgx0pfgg4GVay75+qMo=
-218,-153,46Ocbg4o5OvGL+JV0C2CN6jwvX0=,BRrGdxQzwgx0pfgg4GVay75+qMo=
-219,-153,46Ocbg4o5OvGL+JV0C2CN6jwvX0=,BRrGdxQzwgx0pfgg4GVay75+qMo=
-220,-153,46Ocbg4o5OvGL+JV0C2CN6jwvX0=,BRrGdxQzwgx0pfgg4GVay75+qMo=
-222,-153,46Ocbg4o5OvGL+JV0C2CN6jwvX0=,BRrGdxQzwgx0pfgg4GVay75+qMo=
-221,-153,46Ocbg4o5OvGL+JV0C2CN6jwvX0=,BRrGdxQzwgx0pfgg4GVay75+qMo=
-223,-153,46Ocbg4o5OvGL+JV0C2CN6jwvX0=,BRrGdxQzwgx0pfgg4GVay75+qMo=
-224,-153,46Ocbg4o5OvGL+JV0C2CN6jwvX0=,BRrGdxQzwgx0pfgg4GVay75+qMo=
-217,-160,46Ocbg4o5OvGL+JV0C2CN6jwvX0=,BRrGdxQzwgx0pfgg4GVay75+qMo=
-216,-160,46Ocbg4o5OvGL+JV0C2CN6jwvX0=,BRrGdxQzwgx0pfgg4GVay75+qMo=
-211,-154,46Ocbg4o5OvGL+JV0C2CN6jwvX0=,BRrGdxQzwgx0pfgg4GVay75+qMo=
-212,-154,46Ocbg4o5OvGL+JV0C2CN6jwvX0=,BRrGdxQzwgx0pfgg4GVay75+qMo=
-213,-154,46Ocbg4o5OvGL+JV0C2CN6jwvX0=,BRrGdxQzwgx0pfgg4GVay75+qMo=
-215,-154,46Ocbg4o5OvGL+JV0C2CN6jwvX0=,BRrGdxQzwgx0pfgg4GVay75+qMo=
-214,-154,46Ocbg4o5OvGL+JV0C2CN6jwvX0=,BRrGdxQzwgx0pfgg4GVay75+qMo=
-216,-154,46Ocbg4o5OvGL+JV0C2CN6jwvX0=,BRrGdxQzwgx0pfgg4GVay75+qMo=
-217,-154,46Ocbg4o5OvGL+JV0C2CN6jwvX0=,BRrGdxQzwgx0pfgg4GVay75+qMo=
-218,-154,46Ocbg4o5OvGL+JV0C2CN6jwvX0=,BRrGdxQzwgx0pfgg4GVay75+qMo=
-219,-154,46Ocbg4o5OvGL+JV0C2CN6jwvX0=,BRrGdxQzwgx0pfgg4GVay75+qMo=
-220,-154,46Ocbg4o5OvGL+JV0C2CN6jwvX0=,BRrGdxQzwgx0pfgg4GVay75+qMo=
-222,-154,46Ocbg4o5OvGL+JV0C2CN6jwvX0=,BRrGdxQzwgx0pfgg4GVay75+qMo=
-221,-154,46Ocbg4o5OvGL+JV0C2CN6jwvX0=,BRrGdxQzwgx0pfgg4GVay75+qMo=
-223,-154,46Ocbg4o5OvGL+JV0C2CN6jwvX0=,BRrGdxQzwgx0pfgg4GVay75+qMo=
-224,-154,46Ocbg4o5OvGL+JV0C2CN6jwvX0=,BRrGdxQzwgx0pfgg4GVay75+qMo=
-210,-160,46Ocbg4o5OvGL+JV0C2CN6jwvX0=,BRrGdxQzwgx0pfgg4GVay75+qMo=
-213,-160,46Ocbg4o5OvGL+JV0C2CN6jwvX0=,BRrGdxQzwgx0pfgg4GVay75+qMo=
-213,-155,46Ocbg4o5OvGL+JV0C2CN6jwvX0=,BRrGdxQzwgx0pfgg4GVay75+qMo=
-215,-155,46Ocbg4o5OvGL+JV0C2CN6jwvX0=,BRrGdxQzwgx0pfgg4GVay75+qMo=
-216,-155,46Ocbg4o5OvGL+JV0C2CN6jwvX0=,BRrGdxQzwgx0pfgg4GVay75+qMo=
-214,-155,46Ocbg4o5OvGL+JV0C2CN6jwvX0=,BRrGdxQzwgx0pfgg4GVay75+qMo=
-217,-155,46Ocbg4o5OvGL+JV0C2CN6jwvX0=,BRrGdxQzwgx0pfgg4GVay75+qMo=
-218,-155,46Ocbg4o5OvGL+JV0C2CN6jwvX0=,BRrGdxQzwgx0pfgg4GVay75+qMo=
-219,-155,46Ocbg4o5OvGL+JV0C2CN6jwvX0=,BRrGdxQzwgx0pfgg4GVay75+qMo=
-220,-155,46Ocbg4o5OvGL+JV0C2CN6jwvX0=,BRrGdxQzwgx0pfgg4GVay75+qMo=
-221,-155,46Ocbg4o5OvGL+JV0C2CN6jwvX0=,BRrGdxQzwgx0pfgg4GVay75+qMo=
-222,-155,46Ocbg4o5OvGL+JV0C2CN6jwvX0=,BRrGdxQzwgx0pfgg4GVay75+qMo=
-223,-155,46Ocbg4o5OvGL+JV0C2CN6jwvX0=,BRrGdxQzwgx0pfgg4GVay75+qMo=
-224,-155,46Ocbg4o5OvGL+JV0C2CN6jwvX0=,BRrGdxQzwgx0pfgg4GVay75+qMo=
-213,-156,46Ocbg4o5OvGL+JV0C2CN6jwvX0=,BRrGdxQzwgx0pfgg4GVay75+qMo=
-215,-156,46Ocbg4o5OvGL+JV0C2CN6jwvX0=,BRrGdxQzwgx0pfgg4GVay75+qMo=
-216,-156,46Ocbg4o5OvGL+JV0C2CN6jwvX0=,BRrGdxQzwgx0pfgg4GVay75+qMo=
-217,-156,46Ocbg4o5OvGL+JV0C2CN6jwvX0=,BRrGdxQzwgx0pfgg4GVay75+qMo=
-214,-156,46Ocbg4o5OvGL+JV0C2CN6jwvX0=,BRrGdxQzwgx0pfgg4GVay75+qMo=
-218,-156,46Ocbg4o5OvGL+JV0C2CN6jwvX0=,BRrGdxQzwgx0pfgg4GVay75+qMo=
-219,-156,46Ocbg4o5OvGL+JV0C2CN6jwvX0=,BRrGdxQzwgx0pfgg4GVay75+qMo=
-220,-156,46Ocbg4o5OvGL+JV0C2CN6jwvX0=,BRrGdxQzwgx0pfgg4GVay75+qMo=
-221,-156,46Ocbg4o5OvGL+JV0C2CN6jwvX0=,BRrGdxQzwgx0pfgg4GVay75+qMo=
-222,-156,46Ocbg4o5OvGL+JV0C2CN6jwvX0=,BRrGdxQzwgx0pfgg4GVay75+qMo=
-223,-156,46Ocbg4o5OvGL+JV0C2CN6jwvX0=,BRrGdxQzwgx0pfgg4GVay75+qMo=
-224,-156,46Ocbg4o5OvGL+JV0C2CN6jwvX0=,BRrGdxQzwgx0pfgg4GVay75+qMo=
-209,-157,46Ocbg4o5OvGL+JV0C2CN6jwvX0=,BRrGdxQzwgx0pfgg4GVay75+qMo=
-215,-157,46Ocbg4o5OvGL+JV0C2CN6jwvX0=,BRrGdxQzwgx0pfgg4GVay75+qMo=
-217,-157,46Ocbg4o5OvGL+JV0C2CN6jwvX0=,BRrGdxQzwgx0pfgg4GVay75+qMo=
-218,-157,46Ocbg4o5OvGL+JV0C2CN6jwvX0=,BRrGdxQzwgx0pfgg4GVay75+qMo=
-216,-157,46Ocbg4o5OvGL+JV0C2CN6jwvX0=,BRrGdxQzwgx0pfgg4GVay75+qMo=
-219,-157,46Ocbg4o5OvGL+JV0C2CN6jwvX0=,BRrGdxQzwgx0pfgg4GVay75+qMo=
-221,-157,46Ocbg4o5OvGL+JV0C2CN6jwvX0=,BRrGdxQzwgx0pfgg4GVay75+qMo=
-222,-157,46Ocbg4o5OvGL+JV0C2CN6jwvX0=,BRrGdxQzwgx0pfgg4GVay75+qMo=
-223,-157,46Ocbg4o5OvGL+JV0C2CN6jwvX0=,BRrGdxQzwgx0pfgg4GVay75+qMo=
-220,-157,46Ocbg4o5OvGL+JV0C2CN6jwvX0=,BRrGdxQzwgx0pfgg4GVay75+qMo=
-224,-157,46Ocbg4o5OvGL+JV0C2CN6jwvX0=,BRrGdxQzwgx0pfgg4GVay75+qMo=
-216,-158,46Ocbg4o5OvGL+JV0C2CN6jwvX0=,BRrGdxQzwgx0pfgg4GVay75+qMo=
-215,-158,46Ocbg4o5OvGL+JV0C2CN6jwvX0=,BRrGdxQzwgx0pfgg4GVay75+qMo=
-217,-158,46Ocbg4o5OvGL+JV0C2CN6jwvX0=,BRrGdxQzwgx0pfgg4GVay75+qMo=
-218,-158,46Ocbg4o5OvGL+JV0C2CN6jwvX0=,BRrGdxQzwgx0pfgg4GVay75+qMo=
-219,-158,46Ocbg4o5OvGL+JV0C2CN6jwvX0=,BRrGdxQzwgx0pfgg4GVay75+qMo=
-220,-158,46Ocbg4o5OvGL+JV0C2CN6jwvX0=,BRrGdxQzwgx0pfgg4GVay75+qMo=
-221,-158,46Ocbg4o5OvGL+JV0C2CN6jwvX0=,BRrGdxQzwgx0pfgg4GVay75+qMo=
-222,-158,46Ocbg4o5OvGL+JV0C2CN6jwvX0=,BRrGdxQzwgx0pfgg4GVay75+qMo=
-223,-158,46Ocbg4o5OvGL+JV0C2CN6jwvX0=,BRrGdxQzwgx0pfgg4GVay75+qMo=
-224,-158,46Ocbg4o5OvGL+JV0C2CN6jwvX0=,BRrGdxQzwgx0pfgg4GVay75+qMo=
-209,-153,46Ocbg4o5OvGL+JV0C2CN6jwvX0=,BRrGdxQzwgx0pfgg4GVay75+qMo=
-210,-155,46Ocbg4o5OvGL+JV0C2CN6jwvX0=,BRrGdxQzwgx0pfgg4GVay75+qMo=
-211,-155,46Ocbg4o5OvGL+JV0C2CN6jwvX0=,BRrGdxQzwgx0pfgg4GVay75+qMo=
-209,-154,46Ocbg4o5OvGL+JV0C2CN6jwvX0=,BRrGdxQzwgx0pfgg4GVay75+qMo=
-209,-160,46Ocbg4o5OvGL+JV0C2CN6jwvX0=,BRrGdxQzwgx0pfgg4GVay75+qMo=
-212,-155,46Ocbg4o5OvGL+JV0C2CN6jwvX0=,BRrGdxQzwgx0pfgg4GVay75+qMo=
-213,-159,46Ocbg4o5OvGL+JV0C2CN6jwvX0=,BRrGdxQzwgx0pfgg4GVay75+qMo=
-212,-160,46Ocbg4o5OvGL+JV0C2CN6jwvX0=,BRrGdxQzwgx0pfgg4GVay75+qMo=
-210,-156,46Ocbg4o5OvGL+JV0C2CN6jwvX0=,BRrGdxQzwgx0pfgg4GVay75+qMo=
-211,-159,46Ocbg4o5OvGL+JV0C2CN6jwvX0=,BRrGdxQzwgx0pfgg4GVay75+qMo=
-214,-158,46Ocbg4o5OvGL+JV0C2CN6jwvX0=,BRrGdxQzwgx0pfgg4GVay75+qMo=
-210,-154,46Ocbg4o5OvGL+JV0C2CN6jwvX0=,BRrGdxQzwgx0pfgg4GVay75+qMo=
-212,-156,46Ocbg4o5OvGL+JV0C2CN6jwvX0=,BRrGdxQzwgx0pfgg4GVay75+qMo=
-212,-157,46Ocbg4o5OvGL+JV0C2CN6jwvX0=,BRrGdxQzwgx0pfgg4GVay75+qMo=
-213,-157,46Ocbg4o5OvGL+JV0C2CN6jwvX0=,BRrGdxQzwgx0pfgg4GVay75+qMo=
-214,-159,46Ocbg4o5OvGL+JV0C2CN6jwvX0=,BRrGdxQzwgx0pfgg4GVay75+qMo=
-209,-155,46Ocbg4o5OvGL+JV0C2CN6jwvX0=,BRrGdxQzwgx0pfgg4GVay75+qMo=
-210,-153,46Ocbg4o5OvGL+JV0C2CN6jwvX0=,BRrGdxQzwgx0pfgg4GVay75+qMo=
-209,-159,46Ocbg4o5OvGL+JV0C2CN6jwvX0=,BRrGdxQzwgx0pfgg4GVay75+qMo=
-211,-157,46Ocbg4o5OvGL+JV0C2CN6jwvX0=,BRrGdxQzwgx0pfgg4GVay75+qMo=
-211,-158,46Ocbg4o5OvGL+JV0C2CN6jwvX0=,BRrGdxQzwgx0pfgg4GVay75+qMo=
-210,-158,46Ocbg4o5OvGL+JV0C2CN6jwvX0=,BRrGdxQzwgx0pfgg4GVay75+qMo=
-212,-158,46Ocbg4o5OvGL+JV0C2CN6jwvX0=,BRrGdxQzwgx0pfgg4GVay75+qMo=
-215,-159,46Ocbg4o5OvGL+JV0C2CN6jwvX0=,BRrGdxQzwgx0pfgg4GVay75+qMo=
-214,-157,46Ocbg4o5OvGL+JV0C2CN6jwvX0=,BRrGdxQzwgx0pfgg4GVay75+qMo=
-211,-156,46Ocbg4o5OvGL+JV0C2CN6jwvX0=,BRrGdxQzwgx0pfgg4GVay75+qMo=
-210,-159,46Ocbg4o5OvGL+JV0C2CN6jwvX0=,BRrGdxQzwgx0pfgg4GVay75+qMo=
-213,-158,46Ocbg4o5OvGL+JV0C2CN6jwvX0=,BRrGdxQzwgx0pfgg4GVay75+qMo=
-209,-158,46Ocbg4o5OvGL+JV0C2CN6jwvX0=,BRrGdxQzwgx0pfgg4GVay75+qMo=
-210,-157,46Ocbg4o5OvGL+JV0C2CN6jwvX0=,BRrGdxQzwgx0pfgg4GVay75+qMo=
-212,-159,46Ocbg4o5OvGL+JV0C2CN6jwvX0=,BRrGdxQzwgx0pfgg4GVay75+qMo=
-209,-156,46Ocbg4o5OvGL+JV0C2CN6jwvX0=,BRrGdxQzwgx0pfgg4GVay75+qMo=
-194,-159,ao36sivBgVytBjyCMTiGEbruje0=,BRrGdxQzwgx0pfgg4GVay75+qMo=
-199,-159,ao36sivBgVytBjyCMTiGEbruje0=,BRrGdxQzwgx0pfgg4GVay75+qMo=
-203,-159,ao36sivBgVytBjyCMTiGEbruje0=,BRrGdxQzwgx0pfgg4GVay75+qMo=
-193,-145,ao36sivBgVytBjyCMTiGEbruje0=,BRrGdxQzwgx0pfgg4GVay75+qMo=
-194,-145,ao36sivBgVytBjyCMTiGEbruje0=,BRrGdxQzwgx0pfgg4GVay75+qMo=
-195,-145,jH5pLL0OyJXoJIkGFIUm661LH28=,BRrGdxQzwgx0pfgg4GVay75+qMo=
-196,-145,jH5pLL0OyJXoJIkGFIUm661LH28=,BRrGdxQzwgx0pfgg4GVay75+qMo=
-197,-145,jH5pLL0OyJXoJIkGFIUm661LH28=,BRrGdxQzwgx0pfgg4GVay75+qMo=
-198,-145,jH5pLL0OyJXoJIkGFIUm661LH28=,BRrGdxQzwgx0pfgg4GVay75+qMo=
-199,-145,jH5pLL0OyJXoJIkGFIUm661LH28=,BRrGdxQzwgx0pfgg4GVay75+qMo=
-200,-145,jH5pLL0OyJXoJIkGFIUm661LH28=,BRrGdxQzwgx0pfgg4GVay75+qMo=
-201,-145,QVuvL0G2hyzBpU1FQELhysA9leM=,BRrGdxQzwgx0pfgg4GVay75+qMo=
-202,-145,QVuvL0G2hyzBpU1FQELhysA9leM=,BRrGdxQzwgx0pfgg4GVay75+qMo=
-203,-145,QVuvL0G2hyzBpU1FQELhysA9leM=,BRrGdxQzwgx0pfgg4GVay75+qMo=
-204,-145,QVuvL0G2hyzBpU1FQELhysA9leM=,BRrGdxQzwgx0pfgg4GVay75+qMo=
-205,-145,QVuvL0G2hyzBpU1FQELhysA9leM=,BRrGdxQzwgx0pfgg4GVay75+qMo=
-206,-145,QVuvL0G2hyzBpU1FQELhysA9leM=,BRrGdxQzwgx0pfgg4GVay75+qMo=
-208,-145,zOkQsKJ8H2K/oxVtL3NZ5bZBEPc=,BRrGdxQzwgx0pfgg4GVay75+qMo=
-193,-146,zOkQsKJ8H2K/oxVtL3NZ5bZBEPc=,BRrGdxQzwgx0pfgg4GVay75+qMo=
-194,-146,zOkQsKJ8H2K/oxVtL3NZ5bZBEPc=,BRrGdxQzwgx0pfgg4GVay75+qMo=
-207,-145,QVuvL0G2hyzBpU1FQELhysA9leM=,BRrGdxQzwgx0pfgg4GVay75+qMo=
-196,-146,zOkQsKJ8H2K/oxVtL3NZ5bZBEPc=,BRrGdxQzwgx0pfgg4GVay75+qMo=
-197,-146,zOkQsKJ8H2K/oxVtL3NZ5bZBEPc=,BRrGdxQzwgx0pfgg4GVay75+qMo=
-198,-146,zOkQsKJ8H2K/oxVtL3NZ5bZBEPc=,BRrGdxQzwgx0pfgg4GVay75+qMo=
-199,-146,zOkQsKJ8H2K/oxVtL3NZ5bZBEPc=,BRrGdxQzwgx0pfgg4GVay75+qMo=
-195,-146,zOkQsKJ8H2K/oxVtL3NZ5bZBEPc=,BRrGdxQzwgx0pfgg4GVay75+qMo=
-201,-146,zOkQsKJ8H2K/oxVtL3NZ5bZBEPc=,BRrGdxQzwgx0pfgg4GVay75+qMo=
-202,-146,LO9tqRts1c0B6RbPm2184hIeUCs=,BRrGdxQzwgx0pfgg4GVay75+qMo=
-200,-146,LO9tqRts1c0B6RbPm2184hIeUCs=,BRrGdxQzwgx0pfgg4GVay75+qMo=
-194,-160,LO9tqRts1c0B6RbPm2184hIeUCs=,BRrGdxQzwgx0pfgg4GVay75+qMo=
-203,-146,LO9tqRts1c0B6RbPm2184hIeUCs=,BRrGdxQzwgx0pfgg4GVay75+qMo=
-204,-146,LO9tqRts1c0B6RbPm2184hIeUCs=,BRrGdxQzwgx0pfgg4GVay75+qMo=
-207,-146,LO9tqRts1c0B6RbPm2184hIeUCs=,BRrGdxQzwgx0pfgg4GVay75+qMo=
-205,-146,LO9tqRts1c0B6RbPm2184hIeUCs=,BRrGdxQzwgx0pfgg4GVay75+qMo=
-208,-146,LO9tqRts1c0B6RbPm2184hIeUCs=,BRrGdxQzwgx0pfgg4GVay75+qMo=
-193,-147,LO9tqRts1c0B6RbPm2184hIeUCs=,BRrGdxQzwgx0pfgg4GVay75+qMo=
-206,-146,LO9tqRts1c0B6RbPm2184hIeUCs=,BRrGdxQzwgx0pfgg4GVay75+qMo=
-194,-147,LO9tqRts1c0B6RbPm2184hIeUCs=,BRrGdxQzwgx0pfgg4GVay75+qMo=
-195,-147,LO9tqRts1c0B6RbPm2184hIeUCs=,BRrGdxQzwgx0pfgg4GVay75+qMo=
-196,-147,LO9tqRts1c0B6RbPm2184hIeUCs=,BRrGdxQzwgx0pfgg4GVay75+qMo=
-197,-147,LO9tqRts1c0B6RbPm2184hIeUCs=,BRrGdxQzwgx0pfgg4GVay75+qMo=
-198,-147,LO9tqRts1c0B6RbPm2184hIeUCs=,BRrGdxQzwgx0pfgg4GVay75+qMo=
-199,-147,LO9tqRts1c0B6RbPm2184hIeUCs=,BRrGdxQzwgx0pfgg4GVay75+qMo=
-195,-160,LO9tqRts1c0B6RbPm2184hIeUCs=,BRrGdxQzwgx0pfgg4GVay75+qMo=
-201,-147,LO9tqRts1c0B6RbPm2184hIeUCs=,BRrGdxQzwgx0pfgg4GVay75+qMo=
-203,-147,LO9tqRts1c0B6RbPm2184hIeUCs=,BRrGdxQzwgx0pfgg4GVay75+qMo=
-204,-147,LO9tqRts1c0B6RbPm2184hIeUCs=,BRrGdxQzwgx0pfgg4GVay75+qMo=
-205,-147,LO9tqRts1c0B6RbPm2184hIeUCs=,BRrGdxQzwgx0pfgg4GVay75+qMo=
-206,-147,LO9tqRts1c0B6RbPm2184hIeUCs=,BRrGdxQzwgx0pfgg4GVay75+qMo=
-207,-147,LO9tqRts1c0B6RbPm2184hIeUCs=,BRrGdxQzwgx0pfgg4GVay75+qMo=
-202,-147,LO9tqRts1c0B6RbPm2184hIeUCs=,BRrGdxQzwgx0pfgg4GVay75+qMo=
-208,-147,LO9tqRts1c0B6RbPm2184hIeUCs=,BRrGdxQzwgx0pfgg4GVay75+qMo=
-193,-148,LO9tqRts1c0B6RbPm2184hIeUCs=,BRrGdxQzwgx0pfgg4GVay75+qMo=
-195,-148,LO9tqRts1c0B6RbPm2184hIeUCs=,BRrGdxQzwgx0pfgg4GVay75+qMo=
-196,-148,LO9tqRts1c0B6RbPm2184hIeUCs=,BRrGdxQzwgx0pfgg4GVay75+qMo=
-197,-148,LO9tqRts1c0B6RbPm2184hIeUCs=,BRrGdxQzwgx0pfgg4GVay75+qMo=
-196,-160,LO9tqRts1c0B6RbPm2184hIeUCs=,BRrGdxQzwgx0pfgg4GVay75+qMo=
-201,-148,LO9tqRts1c0B6RbPm2184hIeUCs=,BRrGdxQzwgx0pfgg4GVay75+qMo=
-202,-148,LO9tqRts1c0B6RbPm2184hIeUCs=,BRrGdxQzwgx0pfgg4GVay75+qMo=
-203,-148,LO9tqRts1c0B6RbPm2184hIeUCs=,BRrGdxQzwgx0pfgg4GVay75+qMo=
-204,-148,LO9tqRts1c0B6RbPm2184hIeUCs=,BRrGdxQzwgx0pfgg4GVay75+qMo=
-205,-148,LO9tqRts1c0B6RbPm2184hIeUCs=,BRrGdxQzwgx0pfgg4GVay75+qMo=
-206,-148,LO9tqRts1c0B6RbPm2184hIeUCs=,BRrGdxQzwgx0pfgg4GVay75+qMo=
-208,-148,LO9tqRts1c0B6RbPm2184hIeUCs=,BRrGdxQzwgx0pfgg4GVay75+qMo=
-193,-149,LO9tqRts1c0B6RbPm2184hIeUCs=,BRrGdxQzwgx0pfgg4GVay75+qMo=
-194,-149,LO9tqRts1c0B6RbPm2184hIeUCs=,BRrGdxQzwgx0pfgg4GVay75+qMo=
-198,-159,LO9tqRts1c0B6RbPm2184hIeUCs=,BRrGdxQzwgx0pfgg4GVay75+qMo=
-197,-149,LO9tqRts1c0B6RbPm2184hIeUCs=,BRrGdxQzwgx0pfgg4GVay75+qMo=
-197,-160,LO9tqRts1c0B6RbPm2184hIeUCs=,BRrGdxQzwgx0pfgg4GVay75+qMo=
-197,-159,LO9tqRts1c0B6RbPm2184hIeUCs=,BRrGdxQzwgx0pfgg4GVay75+qMo=
-205,-159,LO9tqRts1c0B6RbPm2184hIeUCs=,BRrGdxQzwgx0pfgg4GVay75+qMo=
-200,-159,LO9tqRts1c0B6RbPm2184hIeUCs=,BRrGdxQzwgx0pfgg4GVay75+qMo=
-208,-160,LO9tqRts1c0B6RbPm2184hIeUCs=,BRrGdxQzwgx0pfgg4GVay75+qMo=
-204,-149,LO9tqRts1c0B6RbPm2184hIeUCs=,BRrGdxQzwgx0pfgg4GVay75+qMo=
-207,-148,LO9tqRts1c0B6RbPm2184hIeUCs=,BRrGdxQzwgx0pfgg4GVay75+qMo=
-201,-159,LO9tqRts1c0B6RbPm2184hIeUCs=,BRrGdxQzwgx0pfgg4GVay75+qMo=
-208,-159,LO9tqRts1c0B6RbPm2184hIeUCs=,BRrGdxQzwgx0pfgg4GVay75+qMo=
-200,-148,LO9tqRts1c0B6RbPm2184hIeUCs=,BRrGdxQzwgx0pfgg4GVay75+qMo=
-194,-150,LO9tqRts1c0B6RbPm2184hIeUCs=,BRrGdxQzwgx0pfgg4GVay75+qMo=
-193,-150,LO9tqRts1c0B6RbPm2184hIeUCs=,BRrGdxQzwgx0pfgg4GVay75+qMo=
-201,-149,LO9tqRts1c0B6RbPm2184hIeUCs=,BRrGdxQzwgx0pfgg4GVay75+qMo=
-206,-159,LO9tqRts1c0B6RbPm2184hIeUCs=,BRrGdxQzwgx0pfgg4GVay75+qMo=
-207,-159,LO9tqRts1c0B6RbPm2184hIeUCs=,BRrGdxQzwgx0pfgg4GVay75+qMo=
-200,-149,LO9tqRts1c0B6RbPm2184hIeUCs=,BRrGdxQzwgx0pfgg4GVay75+qMo=
-204,-158,LO9tqRts1c0B6RbPm2184hIeUCs=,BRrGdxQzwgx0pfgg4GVay75+qMo=
-198,-160,LO9tqRts1c0B6RbPm2184hIeUCs=,BRrGdxQzwgx0pfgg4GVay75+qMo=
-200,-150,LO9tqRts1c0B6RbPm2184hIeUCs=,BRrGdxQzwgx0pfgg4GVay75+qMo=
-193,-160,LO9tqRts1c0B6RbPm2184hIeUCs=,BRrGdxQzwgx0pfgg4GVay75+qMo=
-201,-150,LO9tqRts1c0B6RbPm2184hIeUCs=,BRrGdxQzwgx0pfgg4GVay75+qMo=
-203,-150,LO9tqRts1c0B6RbPm2184hIeUCs=,BRrGdxQzwgx0pfgg4GVay75+qMo=
-202,-149,LO9tqRts1c0B6RbPm2184hIeUCs=,BRrGdxQzwgx0pfgg4GVay75+qMo=
-207,-158,LO9tqRts1c0B6RbPm2184hIeUCs=,BRrGdxQzwgx0pfgg4GVay75+qMo=
-196,-149,LO9tqRts1c0B6RbPm2184hIeUCs=,BRrGdxQzwgx0pfgg4GVay75+qMo=
-195,-149,LO9tqRts1c0B6RbPm2184hIeUCs=,BRrGdxQzwgx0pfgg4GVay75+qMo=
-207,-160,LO9tqRts1c0B6RbPm2184hIeUCs=,BRrGdxQzwgx0pfgg4GVay75+qMo=
-207,-150,LO9tqRts1c0B6RbPm2184hIeUCs=,BRrGdxQzwgx0pfgg4GVay75+qMo=
-193,-151,LO9tqRts1c0B6RbPm2184hIeUCs=,BRrGdxQzwgx0pfgg4GVay75+qMo=
-208,-158,LO9tqRts1c0B6RbPm2184hIeUCs=,BRrGdxQzwgx0pfgg4GVay75+qMo=
-202,-159,LO9tqRts1c0B6RbPm2184hIeUCs=,BRrGdxQzwgx0pfgg4GVay75+qMo=
-199,-150,LO9tqRts1c0B6RbPm2184hIeUCs=,BRrGdxQzwgx0pfgg4GVay75+qMo=
-197,-151,LO9tqRts1c0B6RbPm2184hIeUCs=,BRrGdxQzwgx0pfgg4GVay75+qMo=
-199,-160,LO9tqRts1c0B6RbPm2184hIeUCs=,BRrGdxQzwgx0pfgg4GVay75+qMo=
-196,-159,LO9tqRts1c0B6RbPm2184hIeUCs=,BRrGdxQzwgx0pfgg4GVay75+qMo=
-208,-149,LO9tqRts1c0B6RbPm2184hIeUCs=,BRrGdxQzwgx0pfgg4GVay75+qMo=
-198,-149,LO9tqRts1c0B6RbPm2184hIeUCs=,BRrGdxQzwgx0pfgg4GVay75+qMo=
-205,-150,LO9tqRts1c0B6RbPm2184hIeUCs=,BRrGdxQzwgx0pfgg4GVay75+qMo=
-200,-151,LO9tqRts1c0B6RbPm2184hIeUCs=,BRrGdxQzwgx0pfgg4GVay75+qMo=
-204,-159,LO9tqRts1c0B6RbPm2184hIeUCs=,BRrGdxQzwgx0pfgg4GVay75+qMo=
-203,-151,LO9tqRts1c0B6RbPm2184hIeUCs=,BRrGdxQzwgx0pfgg4GVay75+qMo=
-204,-151,LO9tqRts1c0B6RbPm2184hIeUCs=,BRrGdxQzwgx0pfgg4GVay75+qMo=
-195,-151,LO9tqRts1c0B6RbPm2184hIeUCs=,BRrGdxQzwgx0pfgg4GVay75+qMo=
-198,-151,LO9tqRts1c0B6RbPm2184hIeUCs=,BRrGdxQzwgx0pfgg4GVay75+qMo=
-206,-158,LO9tqRts1c0B6RbPm2184hIeUCs=,BRrGdxQzwgx0pfgg4GVay75+qMo=
-194,-148,LO9tqRts1c0B6RbPm2184hIeUCs=,BRrGdxQzwgx0pfgg4GVay75+qMo=
-199,-151,LO9tqRts1c0B6RbPm2184hIeUCs=,BRrGdxQzwgx0pfgg4GVay75+qMo=
-202,-150,LO9tqRts1c0B6RbPm2184hIeUCs=,BRrGdxQzwgx0pfgg4GVay75+qMo=
-195,-159,LO9tqRts1c0B6RbPm2184hIeUCs=,BRrGdxQzwgx0pfgg4GVay75+qMo=
-204,-150,LO9tqRts1c0B6RbPm2184hIeUCs=,BRrGdxQzwgx0pfgg4GVay75+qMo=
-205,-151,LO9tqRts1c0B6RbPm2184hIeUCs=,BRrGdxQzwgx0pfgg4GVay75+qMo=
-199,-148,LO9tqRts1c0B6RbPm2184hIeUCs=,BRrGdxQzwgx0pfgg4GVay75+qMo=
-197,-150,LO9tqRts1c0B6RbPm2184hIeUCs=,BRrGdxQzwgx0pfgg4GVay75+qMo=
-200,-158,LO9tqRts1c0B6RbPm2184hIeUCs=,BRrGdxQzwgx0pfgg4GVay75+qMo=
-208,-150,LO9tqRts1c0B6RbPm2184hIeUCs=,BRrGdxQzwgx0pfgg4GVay75+qMo=
-206,-151,LO9tqRts1c0B6RbPm2184hIeUCs=,BRrGdxQzwgx0pfgg4GVay75+qMo=
-198,-150,LO9tqRts1c0B6RbPm2184hIeUCs=,BRrGdxQzwgx0pfgg4GVay75+qMo=
-207,-151,LO9tqRts1c0B6RbPm2184hIeUCs=,BRrGdxQzwgx0pfgg4GVay75+qMo=
-198,-148,LO9tqRts1c0B6RbPm2184hIeUCs=,BRrGdxQzwgx0pfgg4GVay75+qMo=
-201,-151,LO9tqRts1c0B6RbPm2184hIeUCs=,BRrGdxQzwgx0pfgg4GVay75+qMo=
-196,-151,LO9tqRts1c0B6RbPm2184hIeUCs=,BRrGdxQzwgx0pfgg4GVay75+qMo=
-200,-147,LO9tqRts1c0B6RbPm2184hIeUCs=,BRrGdxQzwgx0pfgg4GVay75+qMo=
-195,-150,LO9tqRts1c0B6RbPm2184hIeUCs=,BRrGdxQzwgx0pfgg4GVay75+qMo=
-206,-149,LO9tqRts1c0B6RbPm2184hIeUCs=,BRrGdxQzwgx0pfgg4GVay75+qMo=
-207,-149,LO9tqRts1c0B6RbPm2184hIeUCs=,BRrGdxQzwgx0pfgg4GVay75+qMo=
-205,-158,LO9tqRts1c0B6RbPm2184hIeUCs=,BRrGdxQzwgx0pfgg4GVay75+qMo=
-197,-158,LO9tqRts1c0B6RbPm2184hIeUCs=,BRrGdxQzwgx0pfgg4GVay75+qMo=
-206,-150,LO9tqRts1c0B6RbPm2184hIeUCs=,BRrGdxQzwgx0pfgg4GVay75+qMo=
-196,-150,LO9tqRts1c0B6RbPm2184hIeUCs=,BRrGdxQzwgx0pfgg4GVay75+qMo=
-194,-151,LO9tqRts1c0B6RbPm2184hIeUCs=,BRrGdxQzwgx0pfgg4GVay75+qMo=
-202,-151,LO9tqRts1c0B6RbPm2184hIeUCs=,BRrGdxQzwgx0pfgg4GVay75+qMo=
-203,-149,LO9tqRts1c0B6RbPm2184hIeUCs=,BRrGdxQzwgx0pfgg4GVay75+qMo=
-207,-157,LO9tqRts1c0B6RbPm2184hIeUCs=,BRrGdxQzwgx0pfgg4GVay75+qMo=
-199,-149,LO9tqRts1c0B6RbPm2184hIeUCs=,BRrGdxQzwgx0pfgg4GVay75+qMo=
-199,-158,LO9tqRts1c0B6RbPm2184hIeUCs=,BRrGdxQzwgx0pfgg4GVay75+qMo=
-193,-159,LO9tqRts1c0B6RbPm2184hIeUCs=,BRrGdxQzwgx0pfgg4GVay75+qMo=
-205,-149,LO9tqRts1c0B6RbPm2184hIeUCs=,BRrGdxQzwgx0pfgg4GVay75+qMo=
-203,-157,LO9tqRts1c0B6RbPm2184hIeUCs=,BRrGdxQzwgx0pfgg4GVay75+qMo=
-202,-157,LO9tqRts1c0B6RbPm2184hIeUCs=,BRrGdxQzwgx0pfgg4GVay75+qMo=
-201,-157,LO9tqRts1c0B6RbPm2184hIeUCs=,BRrGdxQzwgx0pfgg4GVay75+qMo=
-198,-158,LO9tqRts1c0B6RbPm2184hIeUCs=,BRrGdxQzwgx0pfgg4GVay75+qMo=
-206,-160,LO9tqRts1c0B6RbPm2184hIeUCs=,BRrGdxQzwgx0pfgg4GVay75+qMo=
-208,-157,LO9tqRts1c0B6RbPm2184hIeUCs=,BRrGdxQzwgx0pfgg4GVay75+qMo=
-197,-157,LO9tqRts1c0B6RbPm2184hIeUCs=,BRrGdxQzwgx0pfgg4GVay75+qMo=
-199,-157,LO9tqRts1c0B6RbPm2184hIeUCs=,BRrGdxQzwgx0pfgg4GVay75+qMo=
-200,-157,LO9tqRts1c0B6RbPm2184hIeUCs=,BRrGdxQzwgx0pfgg4GVay75+qMo=
-196,-158,LO9tqRts1c0B6RbPm2184hIeUCs=,BRrGdxQzwgx0pfgg4GVay75+qMo=
-206,-157,LO9tqRts1c0B6RbPm2184hIeUCs=,BRrGdxQzwgx0pfgg4GVay75+qMo=
-208,-156,LO9tqRts1c0B6RbPm2184hIeUCs=,BRrGdxQzwgx0pfgg4GVay75+qMo=
-203,-158,ao36sivBgVytBjyCMTiGEbruje0=,BRrGdxQzwgx0pfgg4GVay75+qMo=
-194,-158,LO9tqRts1c0B6RbPm2184hIeUCs=,BRrGdxQzwgx0pfgg4GVay75+qMo=
-207,-156,LO9tqRts1c0B6RbPm2184hIeUCs=,BRrGdxQzwgx0pfgg4GVay75+qMo=
-196,-157,LO9tqRts1c0B6RbPm2184hIeUCs=,BRrGdxQzwgx0pfgg4GVay75+qMo=
-198,-157,LO9tqRts1c0B6RbPm2184hIeUCs=,BRrGdxQzwgx0pfgg4GVay75+qMo=
-194,-157,LO9tqRts1c0B6RbPm2184hIeUCs=,BRrGdxQzwgx0pfgg4GVay75+qMo=
-203,-156,LO9tqRts1c0B6RbPm2184hIeUCs=,BRrGdxQzwgx0pfgg4GVay75+qMo=
-202,-156,LO9tqRts1c0B6RbPm2184hIeUCs=,BRrGdxQzwgx0pfgg4GVay75+qMo=
-202,-158,jH5pLL0OyJXoJIkGFIUm661LH28=,BRrGdxQzwgx0pfgg4GVay75+qMo=
-201,-156,LO9tqRts1c0B6RbPm2184hIeUCs=,BRrGdxQzwgx0pfgg4GVay75+qMo=
-200,-156,LO9tqRts1c0B6RbPm2184hIeUCs=,BRrGdxQzwgx0pfgg4GVay75+qMo=
-199,-156,LO9tqRts1c0B6RbPm2184hIeUCs=,BRrGdxQzwgx0pfgg4GVay75+qMo=
-205,-157,LO9tqRts1c0B6RbPm2184hIeUCs=,BRrGdxQzwgx0pfgg4GVay75+qMo=
-195,-158,LO9tqRts1c0B6RbPm2184hIeUCs=,BRrGdxQzwgx0pfgg4GVay75+qMo=
-195,-157,LO9tqRts1c0B6RbPm2184hIeUCs=,BRrGdxQzwgx0pfgg4GVay75+qMo=
-205,-155,LO9tqRts1c0B6RbPm2184hIeUCs=,BRrGdxQzwgx0pfgg4GVay75+qMo=
-202,-155,LO9tqRts1c0B6RbPm2184hIeUCs=,BRrGdxQzwgx0pfgg4GVay75+qMo=
-203,-160,LO9tqRts1c0B6RbPm2184hIeUCs=,BRrGdxQzwgx0pfgg4GVay75+qMo=
-195,-155,LO9tqRts1c0B6RbPm2184hIeUCs=,BRrGdxQzwgx0pfgg4GVay75+qMo=
-201,-155,LO9tqRts1c0B6RbPm2184hIeUCs=,BRrGdxQzwgx0pfgg4GVay75+qMo=
-204,-157,LO9tqRts1c0B6RbPm2184hIeUCs=,BRrGdxQzwgx0pfgg4GVay75+qMo=
-193,-158,LO9tqRts1c0B6RbPm2184hIeUCs=,BRrGdxQzwgx0pfgg4GVay75+qMo=
-193,-155,LO9tqRts1c0B6RbPm2184hIeUCs=,BRrGdxQzwgx0pfgg4GVay75+qMo=
-198,-156,LO9tqRts1c0B6RbPm2184hIeUCs=,BRrGdxQzwgx0pfgg4GVay75+qMo=
-193,-157,LO9tqRts1c0B6RbPm2184hIeUCs=,BRrGdxQzwgx0pfgg4GVay75+qMo=
-194,-155,LO9tqRts1c0B6RbPm2184hIeUCs=,BRrGdxQzwgx0pfgg4GVay75+qMo=
-198,-154,LO9tqRts1c0B6RbPm2184hIeUCs=,BRrGdxQzwgx0pfgg4GVay75+qMo=
-206,-156,LO9tqRts1c0B6RbPm2184hIeUCs=,BRrGdxQzwgx0pfgg4GVay75+qMo=
-197,-154,LO9tqRts1c0B6RbPm2184hIeUCs=,BRrGdxQzwgx0pfgg4GVay75+qMo=
-200,-154,LO9tqRts1c0B6RbPm2184hIeUCs=,BRrGdxQzwgx0pfgg4GVay75+qMo=
-205,-160,LO9tqRts1c0B6RbPm2184hIeUCs=,BRrGdxQzwgx0pfgg4GVay75+qMo=
-196,-156,LO9tqRts1c0B6RbPm2184hIeUCs=,BRrGdxQzwgx0pfgg4GVay75+qMo=
-197,-155,LO9tqRts1c0B6RbPm2184hIeUCs=,BRrGdxQzwgx0pfgg4GVay75+qMo=
-196,-154,LO9tqRts1c0B6RbPm2184hIeUCs=,BRrGdxQzwgx0pfgg4GVay75+qMo=
-199,-154,LO9tqRts1c0B6RbPm2184hIeUCs=,BRrGdxQzwgx0pfgg4GVay75+qMo=
-196,-155,LO9tqRts1c0B6RbPm2184hIeUCs=,BRrGdxQzwgx0pfgg4GVay75+qMo=
-198,-155,LO9tqRts1c0B6RbPm2184hIeUCs=,BRrGdxQzwgx0pfgg4GVay75+qMo=
-195,-154,LO9tqRts1c0B6RbPm2184hIeUCs=,BRrGdxQzwgx0pfgg4GVay75+qMo=
-195,-156,LO9tqRts1c0B6RbPm2184hIeUCs=,BRrGdxQzwgx0pfgg4GVay75+qMo=
-205,-156,LO9tqRts1c0B6RbPm2184hIeUCs=,BRrGdxQzwgx0pfgg4GVay75+qMo=
-200,-155,LO9tqRts1c0B6RbPm2184hIeUCs=,BRrGdxQzwgx0pfgg4GVay75+qMo=
-199,-155,LO9tqRts1c0B6RbPm2184hIeUCs=,BRrGdxQzwgx0pfgg4GVay75+qMo=
-197,-156,LO9tqRts1c0B6RbPm2184hIeUCs=,BRrGdxQzwgx0pfgg4GVay75+qMo=
-207,-155,LO9tqRts1c0B6RbPm2184hIeUCs=,BRrGdxQzwgx0pfgg4GVay75+qMo=
-193,-156,LO9tqRts1c0B6RbPm2184hIeUCs=,BRrGdxQzwgx0pfgg4GVay75+qMo=
-208,-155,LO9tqRts1c0B6RbPm2184hIeUCs=,BRrGdxQzwgx0pfgg4GVay75+qMo=
-201,-160,LO9tqRts1c0B6RbPm2184hIeUCs=,BRrGdxQzwgx0pfgg4GVay75+qMo=
-207,-153,LO9tqRts1c0B6RbPm2184hIeUCs=,BRrGdxQzwgx0pfgg4GVay75+qMo=
-202,-160,LO9tqRts1c0B6RbPm2184hIeUCs=,BRrGdxQzwgx0pfgg4GVay75+qMo=
-207,-154,LO9tqRts1c0B6RbPm2184hIeUCs=,BRrGdxQzwgx0pfgg4GVay75+qMo=
-202,-153,LO9tqRts1c0B6RbPm2184hIeUCs=,BRrGdxQzwgx0pfgg4GVay75+qMo=
-199,-153,LO9tqRts1c0B6RbPm2184hIeUCs=,BRrGdxQzwgx0pfgg4GVay75+qMo=
-208,-153,LO9tqRts1c0B6RbPm2184hIeUCs=,BRrGdxQzwgx0pfgg4GVay75+qMo=
-206,-154,LO9tqRts1c0B6RbPm2184hIeUCs=,BRrGdxQzwgx0pfgg4GVay75+qMo=
-204,-152,LO9tqRts1c0B6RbPm2184hIeUCs=,BRrGdxQzwgx0pfgg4GVay75+qMo=
-203,-152,LO9tqRts1c0B6RbPm2184hIeUCs=,BRrGdxQzwgx0pfgg4GVay75+qMo=
-202,-152,LO9tqRts1c0B6RbPm2184hIeUCs=,BRrGdxQzwgx0pfgg4GVay75+qMo=
-194,-154,LO9tqRts1c0B6RbPm2184hIeUCs=,BRrGdxQzwgx0pfgg4GVay75+qMo=
-208,-154,LO9tqRts1c0B6RbPm2184hIeUCs=,BRrGdxQzwgx0pfgg4GVay75+qMo=
-203,-154,LO9tqRts1c0B6RbPm2184hIeUCs=,BRrGdxQzwgx0pfgg4GVay75+qMo=
-204,-155,LO9tqRts1c0B6RbPm2184hIeUCs=,BRrGdxQzwgx0pfgg4GVay75+qMo=
-198,-153,LO9tqRts1c0B6RbPm2184hIeUCs=,BRrGdxQzwgx0pfgg4GVay75+qMo=
-200,-160,LO9tqRts1c0B6RbPm2184hIeUCs=,BRrGdxQzwgx0pfgg4GVay75+qMo=
-204,-154,LO9tqRts1c0B6RbPm2184hIeUCs=,BRrGdxQzwgx0pfgg4GVay75+qMo=
-204,-153,LO9tqRts1c0B6RbPm2184hIeUCs=,BRrGdxQzwgx0pfgg4GVay75+qMo=
-194,-152,LO9tqRts1c0B6RbPm2184hIeUCs=,BRrGdxQzwgx0pfgg4GVay75+qMo=
-193,-152,LO9tqRts1c0B6RbPm2184hIeUCs=,BRrGdxQzwgx0pfgg4GVay75+qMo=
-194,-156,LO9tqRts1c0B6RbPm2184hIeUCs=,BRrGdxQzwgx0pfgg4GVay75+qMo=
-205,-154,LO9tqRts1c0B6RbPm2184hIeUCs=,BRrGdxQzwgx0pfgg4GVay75+qMo=
-203,-153,LO9tqRts1c0B6RbPm2184hIeUCs=,BRrGdxQzwgx0pfgg4GVay75+qMo=
-196,-153,LO9tqRts1c0B6RbPm2184hIeUCs=,BRrGdxQzwgx0pfgg4GVay75+qMo=
-201,-154,LO9tqRts1c0B6RbPm2184hIeUCs=,BRrGdxQzwgx0pfgg4GVay75+qMo=
-197,-153,LO9tqRts1c0B6RbPm2184hIeUCs=,BRrGdxQzwgx0pfgg4GVay75+qMo=
-199,-152,LO9tqRts1c0B6RbPm2184hIeUCs=,BRrGdxQzwgx0pfgg4GVay75+qMo=
-205,-153,LO9tqRts1c0B6RbPm2184hIeUCs=,BRrGdxQzwgx0pfgg4GVay75+qMo=
-193,-153,LO9tqRts1c0B6RbPm2184hIeUCs=,BRrGdxQzwgx0pfgg4GVay75+qMo=
-201,-153,LO9tqRts1c0B6RbPm2184hIeUCs=,BRrGdxQzwgx0pfgg4GVay75+qMo=
-202,-154,LO9tqRts1c0B6RbPm2184hIeUCs=,BRrGdxQzwgx0pfgg4GVay75+qMo=
-206,-155,LO9tqRts1c0B6RbPm2184hIeUCs=,BRrGdxQzwgx0pfgg4GVay75+qMo=
-195,-153,LO9tqRts1c0B6RbPm2184hIeUCs=,BRrGdxQzwgx0pfgg4GVay75+qMo=
-204,-156,LO9tqRts1c0B6RbPm2184hIeUCs=,BRrGdxQzwgx0pfgg4GVay75+qMo=
-206,-153,LO9tqRts1c0B6RbPm2184hIeUCs=,BRrGdxQzwgx0pfgg4GVay75+qMo=
-200,-153,LO9tqRts1c0B6RbPm2184hIeUCs=,BRrGdxQzwgx0pfgg4GVay75+qMo=
-204,-160,LO9tqRts1c0B6RbPm2184hIeUCs=,BRrGdxQzwgx0pfgg4GVay75+qMo=
-206,-152,LO9tqRts1c0B6RbPm2184hIeUCs=,BRrGdxQzwgx0pfgg4GVay75+qMo=
-205,-152,LO9tqRts1c0B6RbPm2184hIeUCs=,BRrGdxQzwgx0pfgg4GVay75+qMo=
-203,-155,LO9tqRts1c0B6RbPm2184hIeUCs=,BRrGdxQzwgx0pfgg4GVay75+qMo=
-207,-152,LO9tqRts1c0B6RbPm2184hIeUCs=,BRrGdxQzwgx0pfgg4GVay75+qMo=
-195,-152,LO9tqRts1c0B6RbPm2184hIeUCs=,BRrGdxQzwgx0pfgg4GVay75+qMo=
-208,-151,LO9tqRts1c0B6RbPm2184hIeUCs=,BRrGdxQzwgx0pfgg4GVay75+qMo=
-198,-152,LO9tqRts1c0B6RbPm2184hIeUCs=,BRrGdxQzwgx0pfgg4GVay75+qMo=
-200,-152,LO9tqRts1c0B6RbPm2184hIeUCs=,BRrGdxQzwgx0pfgg4GVay75+qMo=
-196,-152,LO9tqRts1c0B6RbPm2184hIeUCs=,BRrGdxQzwgx0pfgg4GVay75+qMo=
-194,-153,LO9tqRts1c0B6RbPm2184hIeUCs=,BRrGdxQzwgx0pfgg4GVay75+qMo=
-208,-152,LO9tqRts1c0B6RbPm2184hIeUCs=,BRrGdxQzwgx0pfgg4GVay75+qMo=
-201,-152,LO9tqRts1c0B6RbPm2184hIeUCs=,BRrGdxQzwgx0pfgg4GVay75+qMo=
-197,-152,LO9tqRts1c0B6RbPm2184hIeUCs=,BRrGdxQzwgx0pfgg4GVay75+qMo=
-193,-154,LO9tqRts1c0B6RbPm2184hIeUCs=,BRrGdxQzwgx0pfgg4GVay75+qMo=
-201,-158,jH5pLL0OyJXoJIkGFIUm661LH28=,BRrGdxQzwgx0pfgg4GVay75+qMo=
-222,-143,X/SOFba1u2HNp392YpCItgTON6w=,BRrGdxQzwgx0pfgg4GVay75+qMo=
-223,-144,X/SOFba1u2HNp392YpCItgTON6w=,BRrGdxQzwgx0pfgg4GVay75+qMo=
-223,-143,X/SOFba1u2HNp392YpCItgTON6w=,BRrGdxQzwgx0pfgg4GVay75+qMo=
-211,-129,nc5EctQzcmSfs5w2YKc9XOLKOnc=,BRrGdxQzwgx0pfgg4GVay75+qMo=
-212,-129,nc5EctQzcmSfs5w2YKc9XOLKOnc=,BRrGdxQzwgx0pfgg4GVay75+qMo=
-213,-129,nc5EctQzcmSfs5w2YKc9XOLKOnc=,BRrGdxQzwgx0pfgg4GVay75+qMo=
-221,-143,X/SOFba1u2HNp392YpCItgTON6w=,BRrGdxQzwgx0pfgg4GVay75+qMo=
-220,-143,X/SOFba1u2HNp392YpCItgTON6w=,BRrGdxQzwgx0pfgg4GVay75+qMo=
-219,-143,X/SOFba1u2HNp392YpCItgTON6w=,BRrGdxQzwgx0pfgg4GVay75+qMo=
-218,-143,X/SOFba1u2HNp392YpCItgTON6w=,BRrGdxQzwgx0pfgg4GVay75+qMo=
-215,-129,U1xbly5GrDM6bKH6WUZOR2pl/K4=,BRrGdxQzwgx0pfgg4GVay75+qMo=
-217,-143,X/SOFba1u2HNp392YpCItgTON6w=,BRrGdxQzwgx0pfgg4GVay75+qMo=
-216,-129,U1xbly5GrDM6bKH6WUZOR2pl/K4=,BRrGdxQzwgx0pfgg4GVay75+qMo=
-216,-143,X/SOFba1u2HNp392YpCItgTON6w=,BRrGdxQzwgx0pfgg4GVay75+qMo=
-217,-129,bFZocTVyI8RjYzxVwP8MnCFfP98=,BRrGdxQzwgx0pfgg4GVay75+qMo=
-215,-143,X/SOFba1u2HNp392YpCItgTON6w=,BRrGdxQzwgx0pfgg4GVay75+qMo=
-214,-143,X/SOFba1u2HNp392YpCItgTON6w=,BRrGdxQzwgx0pfgg4GVay75+qMo=
-213,-143,X/SOFba1u2HNp392YpCItgTON6w=,BRrGdxQzwgx0pfgg4GVay75+qMo=
-212,-143,I1O+Z1Ds2MAiB3TsOVeF8EJqjWY=,BRrGdxQzwgx0pfgg4GVay75+qMo=
-211,-143,I1O+Z1Ds2MAiB3TsOVeF8EJqjWY=,BRrGdxQzwgx0pfgg4GVay75+qMo=
-210,-143,I1O+Z1Ds2MAiB3TsOVeF8EJqjWY=,BRrGdxQzwgx0pfgg4GVay75+qMo=
-209,-143,I1O+Z1Ds2MAiB3TsOVeF8EJqjWY=,BRrGdxQzwgx0pfgg4GVay75+qMo=
-224,-142,I1O+Z1Ds2MAiB3TsOVeF8EJqjWY=,BRrGdxQzwgx0pfgg4GVay75+qMo=
-222,-144,I1O+Z1Ds2MAiB3TsOVeF8EJqjWY=,BRrGdxQzwgx0pfgg4GVay75+qMo=
-223,-142,nc5EctQzcmSfs5w2YKc9XOLKOnc=,BRrGdxQzwgx0pfgg4GVay75+qMo=
-222,-142,nc5EctQzcmSfs5w2YKc9XOLKOnc=,BRrGdxQzwgx0pfgg4GVay75+qMo=
-221,-142,nc5EctQzcmSfs5w2YKc9XOLKOnc=,BRrGdxQzwgx0pfgg4GVay75+qMo=
-220,-142,nc5EctQzcmSfs5w2YKc9XOLKOnc=,BRrGdxQzwgx0pfgg4GVay75+qMo=
-219,-142,nc5EctQzcmSfs5w2YKc9XOLKOnc=,BRrGdxQzwgx0pfgg4GVay75+qMo=
-218,-142,nc5EctQzcmSfs5w2YKc9XOLKOnc=,BRrGdxQzwgx0pfgg4GVay75+qMo=
-217,-142,nc5EctQzcmSfs5w2YKc9XOLKOnc=,BRrGdxQzwgx0pfgg4GVay75+qMo=
-216,-142,nc5EctQzcmSfs5w2YKc9XOLKOnc=,BRrGdxQzwgx0pfgg4GVay75+qMo=
-215,-142,nc5EctQzcmSfs5w2YKc9XOLKOnc=,BRrGdxQzwgx0pfgg4GVay75+qMo=
-214,-142,nc5EctQzcmSfs5w2YKc9XOLKOnc=,BRrGdxQzwgx0pfgg4GVay75+qMo=
-213,-142,nc5EctQzcmSfs5w2YKc9XOLKOnc=,BRrGdxQzwgx0pfgg4GVay75+qMo=
-212,-142,nc5EctQzcmSfs5w2YKc9XOLKOnc=,BRrGdxQzwgx0pfgg4GVay75+qMo=
-211,-142,nc5EctQzcmSfs5w2YKc9XOLKOnc=,BRrGdxQzwgx0pfgg4GVay75+qMo=
-210,-142,U1xbly5GrDM6bKH6WUZOR2pl/K4=,BRrGdxQzwgx0pfgg4GVay75+qMo=
-209,-142,U1xbly5GrDM6bKH6WUZOR2pl/K4=,BRrGdxQzwgx0pfgg4GVay75+qMo=
-221,-144,U1xbly5GrDM6bKH6WUZOR2pl/K4=,BRrGdxQzwgx0pfgg4GVay75+qMo=
-224,-141,U1xbly5GrDM6bKH6WUZOR2pl/K4=,BRrGdxQzwgx0pfgg4GVay75+qMo=
-223,-141,U1xbly5GrDM6bKH6WUZOR2pl/K4=,BRrGdxQzwgx0pfgg4GVay75+qMo=
-222,-141,U1xbly5GrDM6bKH6WUZOR2pl/K4=,BRrGdxQzwgx0pfgg4GVay75+qMo=
-210,-129,bFZocTVyI8RjYzxVwP8MnCFfP98=,BRrGdxQzwgx0pfgg4GVay75+qMo=
-224,-143,U1xbly5GrDM6bKH6WUZOR2pl/K4=,BRrGdxQzwgx0pfgg4GVay75+qMo=
-218,-129,bFZocTVyI8RjYzxVwP8MnCFfP98=,BRrGdxQzwgx0pfgg4GVay75+qMo=
-209,-144,U1xbly5GrDM6bKH6WUZOR2pl/K4=,BRrGdxQzwgx0pfgg4GVay75+qMo=
-214,-129,bFZocTVyI8RjYzxVwP8MnCFfP98=,BRrGdxQzwgx0pfgg4GVay75+qMo=
-211,-130,U1xbly5GrDM6bKH6WUZOR2pl/K4=,BRrGdxQzwgx0pfgg4GVay75+qMo=
-212,-130,bFZocTVyI8RjYzxVwP8MnCFfP98=,BRrGdxQzwgx0pfgg4GVay75+qMo=
-213,-130,U1xbly5GrDM6bKH6WUZOR2pl/K4=,BRrGdxQzwgx0pfgg4GVay75+qMo=
-214,-130,U1xbly5GrDM6bKH6WUZOR2pl/K4=,BRrGdxQzwgx0pfgg4GVay75+qMo=
-215,-130,U1xbly5GrDM6bKH6WUZOR2pl/K4=,BRrGdxQzwgx0pfgg4GVay75+qMo=
-216,-130,bFZocTVyI8RjYzxVwP8MnCFfP98=,BRrGdxQzwgx0pfgg4GVay75+qMo=
-217,-130,bFZocTVyI8RjYzxVwP8MnCFfP98=,BRrGdxQzwgx0pfgg4GVay75+qMo=
-218,-130,bFZocTVyI8RjYzxVwP8MnCFfP98=,BRrGdxQzwgx0pfgg4GVay75+qMo=
-210,-130,bFZocTVyI8RjYzxVwP8MnCFfP98=,BRrGdxQzwgx0pfgg4GVay75+qMo=
-209,-129,bFZocTVyI8RjYzxVwP8MnCFfP98=,BRrGdxQzwgx0pfgg4GVay75+qMo=
-224,-144,bFZocTVyI8RjYzxVwP8MnCFfP98=,BRrGdxQzwgx0pfgg4GVay75+qMo=
-209,-130,bFZocTVyI8RjYzxVwP8MnCFfP98=,BRrGdxQzwgx0pfgg4GVay75+qMo=
-221,-129,bFZocTVyI8RjYzxVwP8MnCFfP98=,BRrGdxQzwgx0pfgg4GVay75+qMo=
-220,-129,bFZocTVyI8RjYzxVwP8MnCFfP98=,BRrGdxQzwgx0pfgg4GVay75+qMo=
-219,-129,bFZocTVyI8RjYzxVwP8MnCFfP98=,BRrGdxQzwgx0pfgg4GVay75+qMo=
-209,-131,bFZocTVyI8RjYzxVwP8MnCFfP98=,BRrGdxQzwgx0pfgg4GVay75+qMo=
-223,-129,bFZocTVyI8RjYzxVwP8MnCFfP98=,BRrGdxQzwgx0pfgg4GVay75+qMo=
-219,-130,bFZocTVyI8RjYzxVwP8MnCFfP98=,BRrGdxQzwgx0pfgg4GVay75+qMo=
-212,-131,bFZocTVyI8RjYzxVwP8MnCFfP98=,BRrGdxQzwgx0pfgg4GVay75+qMo=
-213,-131,bFZocTVyI8RjYzxVwP8MnCFfP98=,BRrGdxQzwgx0pfgg4GVay75+qMo=
-214,-131,bFZocTVyI8RjYzxVwP8MnCFfP98=,BRrGdxQzwgx0pfgg4GVay75+qMo=
-215,-131,bFZocTVyI8RjYzxVwP8MnCFfP98=,BRrGdxQzwgx0pfgg4GVay75+qMo=
-216,-131,bFZocTVyI8RjYzxVwP8MnCFfP98=,BRrGdxQzwgx0pfgg4GVay75+qMo=
-217,-131,bFZocTVyI8RjYzxVwP8MnCFfP98=,BRrGdxQzwgx0pfgg4GVay75+qMo=
-218,-131,bFZocTVyI8RjYzxVwP8MnCFfP98=,BRrGdxQzwgx0pfgg4GVay75+qMo=
-219,-131,bFZocTVyI8RjYzxVwP8MnCFfP98=,BRrGdxQzwgx0pfgg4GVay75+qMo=
-210,-144,bFZocTVyI8RjYzxVwP8MnCFfP98=,BRrGdxQzwgx0pfgg4GVay75+qMo=
-220,-130,bFZocTVyI8RjYzxVwP8MnCFfP98=,BRrGdxQzwgx0pfgg4GVay75+qMo=
-224,-131,bFZocTVyI8RjYzxVwP8MnCFfP98=,BRrGdxQzwgx0pfgg4GVay75+qMo=
-216,-132,bFZocTVyI8RjYzxVwP8MnCFfP98=,BRrGdxQzwgx0pfgg4GVay75+qMo=
-218,-132,bFZocTVyI8RjYzxVwP8MnCFfP98=,BRrGdxQzwgx0pfgg4GVay75+qMo=
-219,-132,bFZocTVyI8RjYzxVwP8MnCFfP98=,BRrGdxQzwgx0pfgg4GVay75+qMo=
-211,-144,bFZocTVyI8RjYzxVwP8MnCFfP98=,BRrGdxQzwgx0pfgg4GVay75+qMo=
-221,-132,bFZocTVyI8RjYzxVwP8MnCFfP98=,BRrGdxQzwgx0pfgg4GVay75+qMo=
-223,-132,bFZocTVyI8RjYzxVwP8MnCFfP98=,BRrGdxQzwgx0pfgg4GVay75+qMo=
-214,-133,bFZocTVyI8RjYzxVwP8MnCFfP98=,BRrGdxQzwgx0pfgg4GVay75+qMo=
-221,-141,bFZocTVyI8RjYzxVwP8MnCFfP98=,BRrGdxQzwgx0pfgg4GVay75+qMo=
-220,-141,bFZocTVyI8RjYzxVwP8MnCFfP98=,BRrGdxQzwgx0pfgg4GVay75+qMo=
-219,-141,bFZocTVyI8RjYzxVwP8MnCFfP98=,BRrGdxQzwgx0pfgg4GVay75+qMo=
-222,-129,bFZocTVyI8RjYzxVwP8MnCFfP98=,BRrGdxQzwgx0pfgg4GVay75+qMo=
-221,-130,bFZocTVyI8RjYzxVwP8MnCFfP98=,BRrGdxQzwgx0pfgg4GVay75+qMo=
-212,-144,bFZocTVyI8RjYzxVwP8MnCFfP98=,BRrGdxQzwgx0pfgg4GVay75+qMo=
-211,-131,bFZocTVyI8RjYzxVwP8MnCFfP98=,BRrGdxQzwgx0pfgg4GVay75+qMo=
-219,-133,bFZocTVyI8RjYzxVwP8MnCFfP98=,BRrGdxQzwgx0pfgg4GVay75+qMo=
-220,-133,bFZocTVyI8RjYzxVwP8MnCFfP98=,BRrGdxQzwgx0pfgg4GVay75+qMo=
-222,-130,bFZocTVyI8RjYzxVwP8MnCFfP98=,BRrGdxQzwgx0pfgg4GVay75+qMo=
-222,-133,bFZocTVyI8RjYzxVwP8MnCFfP98=,BRrGdxQzwgx0pfgg4GVay75+qMo=
-224,-133,bFZocTVyI8RjYzxVwP8MnCFfP98=,BRrGdxQzwgx0pfgg4GVay75+qMo=
-218,-141,bFZocTVyI8RjYzxVwP8MnCFfP98=,BRrGdxQzwgx0pfgg4GVay75+qMo=
-209,-134,bFZocTVyI8RjYzxVwP8MnCFfP98=,BRrGdxQzwgx0pfgg4GVay75+qMo=
-210,-131,bFZocTVyI8RjYzxVwP8MnCFfP98=,BRrGdxQzwgx0pfgg4GVay75+qMo=
-216,-133,bFZocTVyI8RjYzxVwP8MnCFfP98=,BRrGdxQzwgx0pfgg4GVay75+qMo=
-223,-133,bFZocTVyI8RjYzxVwP8MnCFfP98=,BRrGdxQzwgx0pfgg4GVay75+qMo=
-213,-134,bFZocTVyI8RjYzxVwP8MnCFfP98=,BRrGdxQzwgx0pfgg4GVay75+qMo=
-223,-130,bFZocTVyI8RjYzxVwP8MnCFfP98=,BRrGdxQzwgx0pfgg4GVay75+qMo=
-221,-133,bFZocTVyI8RjYzxVwP8MnCFfP98=,BRrGdxQzwgx0pfgg4GVay75+qMo=
-224,-130,bFZocTVyI8RjYzxVwP8MnCFfP98=,BRrGdxQzwgx0pfgg4GVay75+qMo=
-220,-131,bFZocTVyI8RjYzxVwP8MnCFfP98=,BRrGdxQzwgx0pfgg4GVay75+qMo=
-213,-144,bFZocTVyI8RjYzxVwP8MnCFfP98=,BRrGdxQzwgx0pfgg4GVay75+qMo=
-212,-132,bFZocTVyI8RjYzxVwP8MnCFfP98=,BRrGdxQzwgx0pfgg4GVay75+qMo=
-224,-129,bFZocTVyI8RjYzxVwP8MnCFfP98=,BRrGdxQzwgx0pfgg4GVay75+qMo=
-215,-133,bFZocTVyI8RjYzxVwP8MnCFfP98=,BRrGdxQzwgx0pfgg4GVay75+qMo=
-210,-132,bFZocTVyI8RjYzxVwP8MnCFfP98=,BRrGdxQzwgx0pfgg4GVay75+qMo=
-209,-132,bFZocTVyI8RjYzxVwP8MnCFfP98=,BRrGdxQzwgx0pfgg4GVay75+qMo=
-222,-134,bFZocTVyI8RjYzxVwP8MnCFfP98=,BRrGdxQzwgx0pfgg4GVay75+qMo=
-223,-134,bFZocTVyI8RjYzxVwP8MnCFfP98=,BRrGdxQzwgx0pfgg4GVay75+qMo=
-224,-134,bFZocTVyI8RjYzxVwP8MnCFfP98=,BRrGdxQzwgx0pfgg4GVay75+qMo=
-209,-135,bFZocTVyI8RjYzxVwP8MnCFfP98=,BRrGdxQzwgx0pfgg4GVay75+qMo=
-210,-135,bFZocTVyI8RjYzxVwP8MnCFfP98=,BRrGdxQzwgx0pfgg4GVay75+qMo=
-211,-132,bFZocTVyI8RjYzxVwP8MnCFfP98=,BRrGdxQzwgx0pfgg4GVay75+qMo=
-211,-135,bFZocTVyI8RjYzxVwP8MnCFfP98=,BRrGdxQzwgx0pfgg4GVay75+qMo=
-212,-133,bFZocTVyI8RjYzxVwP8MnCFfP98=,BRrGdxQzwgx0pfgg4GVay75+qMo=
-210,-133,bFZocTVyI8RjYzxVwP8MnCFfP98=,BRrGdxQzwgx0pfgg4GVay75+qMo=
-215,-135,bFZocTVyI8RjYzxVwP8MnCFfP98=,BRrGdxQzwgx0pfgg4GVay75+qMo=
-214,-144,bFZocTVyI8RjYzxVwP8MnCFfP98=,BRrGdxQzwgx0pfgg4GVay75+qMo=
-211,-133,bFZocTVyI8RjYzxVwP8MnCFfP98=,BRrGdxQzwgx0pfgg4GVay75+qMo=
-209,-133,bFZocTVyI8RjYzxVwP8MnCFfP98=,BRrGdxQzwgx0pfgg4GVay75+qMo=
-217,-133,bFZocTVyI8RjYzxVwP8MnCFfP98=,BRrGdxQzwgx0pfgg4GVay75+qMo=
-213,-133,bFZocTVyI8RjYzxVwP8MnCFfP98=,BRrGdxQzwgx0pfgg4GVay75+qMo=
-221,-135,bFZocTVyI8RjYzxVwP8MnCFfP98=,BRrGdxQzwgx0pfgg4GVay75+qMo=
-211,-134,bFZocTVyI8RjYzxVwP8MnCFfP98=,BRrGdxQzwgx0pfgg4GVay75+qMo=
-222,-135,bFZocTVyI8RjYzxVwP8MnCFfP98=,BRrGdxQzwgx0pfgg4GVay75+qMo=
-223,-135,bFZocTVyI8RjYzxVwP8MnCFfP98=,BRrGdxQzwgx0pfgg4GVay75+qMo=
-224,-135,bFZocTVyI8RjYzxVwP8MnCFfP98=,BRrGdxQzwgx0pfgg4GVay75+qMo=
-209,-136,bFZocTVyI8RjYzxVwP8MnCFfP98=,BRrGdxQzwgx0pfgg4GVay75+qMo=
-210,-136,bFZocTVyI8RjYzxVwP8MnCFfP98=,BRrGdxQzwgx0pfgg4GVay75+qMo=
-214,-132,bFZocTVyI8RjYzxVwP8MnCFfP98=,BRrGdxQzwgx0pfgg4GVay75+qMo=
-218,-133,bFZocTVyI8RjYzxVwP8MnCFfP98=,BRrGdxQzwgx0pfgg4GVay75+qMo=
-215,-134,bFZocTVyI8RjYzxVwP8MnCFfP98=,BRrGdxQzwgx0pfgg4GVay75+qMo=
-215,-144,bFZocTVyI8RjYzxVwP8MnCFfP98=,BRrGdxQzwgx0pfgg4GVay75+qMo=
-213,-132,bFZocTVyI8RjYzxVwP8MnCFfP98=,BRrGdxQzwgx0pfgg4GVay75+qMo=
-217,-141,bFZocTVyI8RjYzxVwP8MnCFfP98=,BRrGdxQzwgx0pfgg4GVay75+qMo=
-216,-141,bFZocTVyI8RjYzxVwP8MnCFfP98=,BRrGdxQzwgx0pfgg4GVay75+qMo=
-214,-141,bFZocTVyI8RjYzxVwP8MnCFfP98=,BRrGdxQzwgx0pfgg4GVay75+qMo=
-212,-141,bFZocTVyI8RjYzxVwP8MnCFfP98=,BRrGdxQzwgx0pfgg4GVay75+qMo=
-213,-141,bFZocTVyI8RjYzxVwP8MnCFfP98=,BRrGdxQzwgx0pfgg4GVay75+qMo=
-210,-141,bFZocTVyI8RjYzxVwP8MnCFfP98=,BRrGdxQzwgx0pfgg4GVay75+qMo=
-211,-141,bFZocTVyI8RjYzxVwP8MnCFfP98=,BRrGdxQzwgx0pfgg4GVay75+qMo=
-220,-144,bFZocTVyI8RjYzxVwP8MnCFfP98=,BRrGdxQzwgx0pfgg4GVay75+qMo=
-209,-141,bFZocTVyI8RjYzxVwP8MnCFfP98=,BRrGdxQzwgx0pfgg4GVay75+qMo=
-213,-135,bFZocTVyI8RjYzxVwP8MnCFfP98=,BRrGdxQzwgx0pfgg4GVay75+qMo=
-215,-132,bFZocTVyI8RjYzxVwP8MnCFfP98=,BRrGdxQzwgx0pfgg4GVay75+qMo=
-221,-131,bFZocTVyI8RjYzxVwP8MnCFfP98=,BRrGdxQzwgx0pfgg4GVay75+qMo=
-222,-132,bFZocTVyI8RjYzxVwP8MnCFfP98=,BRrGdxQzwgx0pfgg4GVay75+qMo=
-219,-136,bFZocTVyI8RjYzxVwP8MnCFfP98=,BRrGdxQzwgx0pfgg4GVay75+qMo=
-218,-134,bFZocTVyI8RjYzxVwP8MnCFfP98=,BRrGdxQzwgx0pfgg4GVay75+qMo=
-210,-134,bFZocTVyI8RjYzxVwP8MnCFfP98=,BRrGdxQzwgx0pfgg4GVay75+qMo=
-217,-132,bFZocTVyI8RjYzxVwP8MnCFfP98=,BRrGdxQzwgx0pfgg4GVay75+qMo=
-220,-132,bFZocTVyI8RjYzxVwP8MnCFfP98=,BRrGdxQzwgx0pfgg4GVay75+qMo=
-214,-134,bFZocTVyI8RjYzxVwP8MnCFfP98=,BRrGdxQzwgx0pfgg4GVay75+qMo=
-209,-137,bFZocTVyI8RjYzxVwP8MnCFfP98=,BRrGdxQzwgx0pfgg4GVay75+qMo=
-210,-137,bFZocTVyI8RjYzxVwP8MnCFfP98=,BRrGdxQzwgx0pfgg4GVay75+qMo=
-224,-132,bFZocTVyI8RjYzxVwP8MnCFfP98=,BRrGdxQzwgx0pfgg4GVay75+qMo=
-213,-137,bFZocTVyI8RjYzxVwP8MnCFfP98=,BRrGdxQzwgx0pfgg4GVay75+qMo=
-216,-134,bFZocTVyI8RjYzxVwP8MnCFfP98=,BRrGdxQzwgx0pfgg4GVay75+qMo=
-216,-144,bFZocTVyI8RjYzxVwP8MnCFfP98=,BRrGdxQzwgx0pfgg4GVay75+qMo=
-214,-137,bFZocTVyI8RjYzxVwP8MnCFfP98=,BRrGdxQzwgx0pfgg4GVay75+qMo=
-219,-134,bFZocTVyI8RjYzxVwP8MnCFfP98=,BRrGdxQzwgx0pfgg4GVay75+qMo=
-212,-135,bFZocTVyI8RjYzxVwP8MnCFfP98=,BRrGdxQzwgx0pfgg4GVay75+qMo=
-217,-134,bFZocTVyI8RjYzxVwP8MnCFfP98=,BRrGdxQzwgx0pfgg4GVay75+qMo=
-214,-135,bFZocTVyI8RjYzxVwP8MnCFfP98=,BRrGdxQzwgx0pfgg4GVay75+qMo=
-216,-136,bFZocTVyI8RjYzxVwP8MnCFfP98=,BRrGdxQzwgx0pfgg4GVay75+qMo=
-212,-134,bFZocTVyI8RjYzxVwP8MnCFfP98=,BRrGdxQzwgx0pfgg4GVay75+qMo=
-216,-135,bFZocTVyI8RjYzxVwP8MnCFfP98=,BRrGdxQzwgx0pfgg4GVay75+qMo=
-220,-134,bFZocTVyI8RjYzxVwP8MnCFfP98=,BRrGdxQzwgx0pfgg4GVay75+qMo=
-211,-136,bFZocTVyI8RjYzxVwP8MnCFfP98=,BRrGdxQzwgx0pfgg4GVay75+qMo=
-223,-131,bFZocTVyI8RjYzxVwP8MnCFfP98=,BRrGdxQzwgx0pfgg4GVay75+qMo=
-209,-138,bFZocTVyI8RjYzxVwP8MnCFfP98=,BRrGdxQzwgx0pfgg4GVay75+qMo=
-212,-136,bFZocTVyI8RjYzxVwP8MnCFfP98=,BRrGdxQzwgx0pfgg4GVay75+qMo=
-222,-131,bFZocTVyI8RjYzxVwP8MnCFfP98=,BRrGdxQzwgx0pfgg4GVay75+qMo=
-215,-141,bFZocTVyI8RjYzxVwP8MnCFfP98=,BRrGdxQzwgx0pfgg4GVay75+qMo=
-221,-134,bFZocTVyI8RjYzxVwP8MnCFfP98=,BRrGdxQzwgx0pfgg4GVay75+qMo=
-215,-137,bFZocTVyI8RjYzxVwP8MnCFfP98=,BRrGdxQzwgx0pfgg4GVay75+qMo=
-217,-138,bFZocTVyI8RjYzxVwP8MnCFfP98=,BRrGdxQzwgx0pfgg4GVay75+qMo=
-218,-136,bFZocTVyI8RjYzxVwP8MnCFfP98=,BRrGdxQzwgx0pfgg4GVay75+qMo=
-218,-138,bFZocTVyI8RjYzxVwP8MnCFfP98=,BRrGdxQzwgx0pfgg4GVay75+qMo=
-214,-136,bFZocTVyI8RjYzxVwP8MnCFfP98=,BRrGdxQzwgx0pfgg4GVay75+qMo=
-221,-138,bFZocTVyI8RjYzxVwP8MnCFfP98=,BRrGdxQzwgx0pfgg4GVay75+qMo=
-215,-136,bFZocTVyI8RjYzxVwP8MnCFfP98=,BRrGdxQzwgx0pfgg4GVay75+qMo=
-223,-138,bFZocTVyI8RjYzxVwP8MnCFfP98=,BRrGdxQzwgx0pfgg4GVay75+qMo=
-218,-135,bFZocTVyI8RjYzxVwP8MnCFfP98=,BRrGdxQzwgx0pfgg4GVay75+qMo=
-209,-139,bFZocTVyI8RjYzxVwP8MnCFfP98=,BRrGdxQzwgx0pfgg4GVay75+qMo=
-212,-137,bFZocTVyI8RjYzxVwP8MnCFfP98=,BRrGdxQzwgx0pfgg4GVay75+qMo=
-219,-135,bFZocTVyI8RjYzxVwP8MnCFfP98=,BRrGdxQzwgx0pfgg4GVay75+qMo=
-218,-144,bFZocTVyI8RjYzxVwP8MnCFfP98=,BRrGdxQzwgx0pfgg4GVay75+qMo=
-213,-139,bFZocTVyI8RjYzxVwP8MnCFfP98=,BRrGdxQzwgx0pfgg4GVay75+qMo=
-220,-135,bFZocTVyI8RjYzxVwP8MnCFfP98=,BRrGdxQzwgx0pfgg4GVay75+qMo=
-211,-137,bFZocTVyI8RjYzxVwP8MnCFfP98=,BRrGdxQzwgx0pfgg4GVay75+qMo=
-212,-138,bFZocTVyI8RjYzxVwP8MnCFfP98=,BRrGdxQzwgx0pfgg4GVay75+qMo=
-216,-137,bFZocTVyI8RjYzxVwP8MnCFfP98=,BRrGdxQzwgx0pfgg4GVay75+qMo=
-220,-137,bFZocTVyI8RjYzxVwP8MnCFfP98=,BRrGdxQzwgx0pfgg4GVay75+qMo=
-210,-139,bFZocTVyI8RjYzxVwP8MnCFfP98=,BRrGdxQzwgx0pfgg4GVay75+qMo=
-210,-138,bFZocTVyI8RjYzxVwP8MnCFfP98=,BRrGdxQzwgx0pfgg4GVay75+qMo=
-224,-136,bFZocTVyI8RjYzxVwP8MnCFfP98=,BRrGdxQzwgx0pfgg4GVay75+qMo=
-219,-137,bFZocTVyI8RjYzxVwP8MnCFfP98=,BRrGdxQzwgx0pfgg4GVay75+qMo=
-217,-137,bFZocTVyI8RjYzxVwP8MnCFfP98=,BRrGdxQzwgx0pfgg4GVay75+qMo=
-220,-136,bFZocTVyI8RjYzxVwP8MnCFfP98=,BRrGdxQzwgx0pfgg4GVay75+qMo=
-214,-138,bFZocTVyI8RjYzxVwP8MnCFfP98=,BRrGdxQzwgx0pfgg4GVay75+qMo=
-215,-138,bFZocTVyI8RjYzxVwP8MnCFfP98=,BRrGdxQzwgx0pfgg4GVay75+qMo=
-224,-140,bFZocTVyI8RjYzxVwP8MnCFfP98=,BRrGdxQzwgx0pfgg4GVay75+qMo=
-211,-138,bFZocTVyI8RjYzxVwP8MnCFfP98=,BRrGdxQzwgx0pfgg4GVay75+qMo=
-213,-138,bFZocTVyI8RjYzxVwP8MnCFfP98=,BRrGdxQzwgx0pfgg4GVay75+qMo=
-223,-136,bFZocTVyI8RjYzxVwP8MnCFfP98=,BRrGdxQzwgx0pfgg4GVay75+qMo=
-223,-137,bFZocTVyI8RjYzxVwP8MnCFfP98=,BRrGdxQzwgx0pfgg4GVay75+qMo=
-224,-137,bFZocTVyI8RjYzxVwP8MnCFfP98=,BRrGdxQzwgx0pfgg4GVay75+qMo=
-221,-137,bFZocTVyI8RjYzxVwP8MnCFfP98=,BRrGdxQzwgx0pfgg4GVay75+qMo=
-221,-136,bFZocTVyI8RjYzxVwP8MnCFfP98=,BRrGdxQzwgx0pfgg4GVay75+qMo=
-211,-139,bFZocTVyI8RjYzxVwP8MnCFfP98=,BRrGdxQzwgx0pfgg4GVay75+qMo=
-216,-138,bFZocTVyI8RjYzxVwP8MnCFfP98=,BRrGdxQzwgx0pfgg4GVay75+qMo=
-219,-138,bFZocTVyI8RjYzxVwP8MnCFfP98=,BRrGdxQzwgx0pfgg4GVay75+qMo=
-221,-140,bFZocTVyI8RjYzxVwP8MnCFfP98=,BRrGdxQzwgx0pfgg4GVay75+qMo=
-220,-140,bFZocTVyI8RjYzxVwP8MnCFfP98=,BRrGdxQzwgx0pfgg4GVay75+qMo=
-219,-140,bFZocTVyI8RjYzxVwP8MnCFfP98=,BRrGdxQzwgx0pfgg4GVay75+qMo=
-212,-139,bFZocTVyI8RjYzxVwP8MnCFfP98=,BRrGdxQzwgx0pfgg4GVay75+qMo=
-218,-137,bFZocTVyI8RjYzxVwP8MnCFfP98=,BRrGdxQzwgx0pfgg4GVay75+qMo=
-216,-140,bFZocTVyI8RjYzxVwP8MnCFfP98=,BRrGdxQzwgx0pfgg4GVay75+qMo=
-222,-136,bFZocTVyI8RjYzxVwP8MnCFfP98=,BRrGdxQzwgx0pfgg4GVay75+qMo=
-214,-140,bFZocTVyI8RjYzxVwP8MnCFfP98=,BRrGdxQzwgx0pfgg4GVay75+qMo=
-213,-140,bFZocTVyI8RjYzxVwP8MnCFfP98=,BRrGdxQzwgx0pfgg4GVay75+qMo=
-212,-140,bFZocTVyI8RjYzxVwP8MnCFfP98=,BRrGdxQzwgx0pfgg4GVay75+qMo=
-211,-140,bFZocTVyI8RjYzxVwP8MnCFfP98=,BRrGdxQzwgx0pfgg4GVay75+qMo=
-219,-144,bFZocTVyI8RjYzxVwP8MnCFfP98=,BRrGdxQzwgx0pfgg4GVay75+qMo=
-210,-140,bFZocTVyI8RjYzxVwP8MnCFfP98=,BRrGdxQzwgx0pfgg4GVay75+qMo=
-209,-140,bFZocTVyI8RjYzxVwP8MnCFfP98=,BRrGdxQzwgx0pfgg4GVay75+qMo=
-214,-139,bFZocTVyI8RjYzxVwP8MnCFfP98=,BRrGdxQzwgx0pfgg4GVay75+qMo=
-222,-137,bFZocTVyI8RjYzxVwP8MnCFfP98=,BRrGdxQzwgx0pfgg4GVay75+qMo=
-222,-139,bFZocTVyI8RjYzxVwP8MnCFfP98=,BRrGdxQzwgx0pfgg4GVay75+qMo=
-221,-139,bFZocTVyI8RjYzxVwP8MnCFfP98=,BRrGdxQzwgx0pfgg4GVay75+qMo=
-220,-139,bFZocTVyI8RjYzxVwP8MnCFfP98=,BRrGdxQzwgx0pfgg4GVay75+qMo=
-220,-138,bFZocTVyI8RjYzxVwP8MnCFfP98=,BRrGdxQzwgx0pfgg4GVay75+qMo=
-217,-140,bFZocTVyI8RjYzxVwP8MnCFfP98=,BRrGdxQzwgx0pfgg4GVay75+qMo=
-217,-139,bFZocTVyI8RjYzxVwP8MnCFfP98=,BRrGdxQzwgx0pfgg4GVay75+qMo=
-224,-138,bFZocTVyI8RjYzxVwP8MnCFfP98=,BRrGdxQzwgx0pfgg4GVay75+qMo=
-218,-140,bFZocTVyI8RjYzxVwP8MnCFfP98=,BRrGdxQzwgx0pfgg4GVay75+qMo=
-218,-139,bFZocTVyI8RjYzxVwP8MnCFfP98=,BRrGdxQzwgx0pfgg4GVay75+qMo=
-222,-138,bFZocTVyI8RjYzxVwP8MnCFfP98=,BRrGdxQzwgx0pfgg4GVay75+qMo=
-223,-140,bFZocTVyI8RjYzxVwP8MnCFfP98=,BRrGdxQzwgx0pfgg4GVay75+qMo=
-215,-139,bFZocTVyI8RjYzxVwP8MnCFfP98=,BRrGdxQzwgx0pfgg4GVay75+qMo=
-216,-139,bFZocTVyI8RjYzxVwP8MnCFfP98=,BRrGdxQzwgx0pfgg4GVay75+qMo=
-215,-140,bFZocTVyI8RjYzxVwP8MnCFfP98=,BRrGdxQzwgx0pfgg4GVay75+qMo=
-224,-139,bFZocTVyI8RjYzxVwP8MnCFfP98=,BRrGdxQzwgx0pfgg4GVay75+qMo=
-222,-140,bFZocTVyI8RjYzxVwP8MnCFfP98=,BRrGdxQzwgx0pfgg4GVay75+qMo=
-223,-139,bFZocTVyI8RjYzxVwP8MnCFfP98=,BRrGdxQzwgx0pfgg4GVay75+qMo=
-219,-139,bFZocTVyI8RjYzxVwP8MnCFfP98=,BRrGdxQzwgx0pfgg4GVay75+qMo=
-213,-136,bFZocTVyI8RjYzxVwP8MnCFfP98=,BRrGdxQzwgx0pfgg4GVay75+qMo=
-217,-144,bFZocTVyI8RjYzxVwP8MnCFfP98=,BRrGdxQzwgx0pfgg4GVay75+qMo=
-217,-136,bFZocTVyI8RjYzxVwP8MnCFfP98=,BRrGdxQzwgx0pfgg4GVay75+qMo=
-217,-135,bFZocTVyI8RjYzxVwP8MnCFfP98=,BRrGdxQzwgx0pfgg4GVay75+qMo=
-206,-143,MtcbtPpGw5u7CuRR3wD0sPasq3w=,BRrGdxQzwgx0pfgg4GVay75+qMo=
-207,-144,MtcbtPpGw5u7CuRR3wD0sPasq3w=,BRrGdxQzwgx0pfgg4GVay75+qMo=
-195,-129,J137D49GhgT1QJoE+a9wV4oAkto=,BRrGdxQzwgx0pfgg4GVay75+qMo=
-207,-143,MtcbtPpGw5u7CuRR3wD0sPasq3w=,BRrGdxQzwgx0pfgg4GVay75+qMo=
-193,-129,Hap7BkojQcIhIxyEEsoR1keWaW0=,BRrGdxQzwgx0pfgg4GVay75+qMo=
-194,-129,Hap7BkojQcIhIxyEEsoR1keWaW0=,BRrGdxQzwgx0pfgg4GVay75+qMo=
-196,-129,Hap7BkojQcIhIxyEEsoR1keWaW0=,BRrGdxQzwgx0pfgg4GVay75+qMo=
-200,-129,Hap7BkojQcIhIxyEEsoR1keWaW0=,BRrGdxQzwgx0pfgg4GVay75+qMo=
-197,-129,Hap7BkojQcIhIxyEEsoR1keWaW0=,BRrGdxQzwgx0pfgg4GVay75+qMo=
-205,-143,MtcbtPpGw5u7CuRR3wD0sPasq3w=,BRrGdxQzwgx0pfgg4GVay75+qMo=
-204,-143,MtcbtPpGw5u7CuRR3wD0sPasq3w=,BRrGdxQzwgx0pfgg4GVay75+qMo=
-203,-143,MtcbtPpGw5u7CuRR3wD0sPasq3w=,BRrGdxQzwgx0pfgg4GVay75+qMo=
-202,-143,XxxjnWLrTB8fBuguy8X0ZSasNQA=,BRrGdxQzwgx0pfgg4GVay75+qMo=
-201,-143,XxxjnWLrTB8fBuguy8X0ZSasNQA=,BRrGdxQzwgx0pfgg4GVay75+qMo=
-200,-143,XxxjnWLrTB8fBuguy8X0ZSasNQA=,BRrGdxQzwgx0pfgg4GVay75+qMo=
-199,-143,XxxjnWLrTB8fBuguy8X0ZSasNQA=,BRrGdxQzwgx0pfgg4GVay75+qMo=
-197,-143,XxxjnWLrTB8fBuguy8X0ZSasNQA=,BRrGdxQzwgx0pfgg4GVay75+qMo=
-198,-143,XxxjnWLrTB8fBuguy8X0ZSasNQA=,BRrGdxQzwgx0pfgg4GVay75+qMo=
-196,-143,XxxjnWLrTB8fBuguy8X0ZSasNQA=,BRrGdxQzwgx0pfgg4GVay75+qMo=
-195,-143,XxxjnWLrTB8fBuguy8X0ZSasNQA=,BRrGdxQzwgx0pfgg4GVay75+qMo=
-194,-143,J137D49GhgT1QJoE+a9wV4oAkto=,BRrGdxQzwgx0pfgg4GVay75+qMo=
-193,-143,J137D49GhgT1QJoE+a9wV4oAkto=,BRrGdxQzwgx0pfgg4GVay75+qMo=
-208,-144,Hap7BkojQcIhIxyEEsoR1keWaW0=,BRrGdxQzwgx0pfgg4GVay75+qMo=
-206,-144,J137D49GhgT1QJoE+a9wV4oAkto=,BRrGdxQzwgx0pfgg4GVay75+qMo=
-208,-142,J137D49GhgT1QJoE+a9wV4oAkto=,BRrGdxQzwgx0pfgg4GVay75+qMo=
-208,-143,Hap7BkojQcIhIxyEEsoR1keWaW0=,BRrGdxQzwgx0pfgg4GVay75+qMo=
-207,-142,J137D49GhgT1QJoE+a9wV4oAkto=,BRrGdxQzwgx0pfgg4GVay75+qMo=
-206,-142,J137D49GhgT1QJoE+a9wV4oAkto=,BRrGdxQzwgx0pfgg4GVay75+qMo=
-205,-142,J137D49GhgT1QJoE+a9wV4oAkto=,BRrGdxQzwgx0pfgg4GVay75+qMo=
-204,-142,Hap7BkojQcIhIxyEEsoR1keWaW0=,BRrGdxQzwgx0pfgg4GVay75+qMo=
-202,-142,Hap7BkojQcIhIxyEEsoR1keWaW0=,BRrGdxQzwgx0pfgg4GVay75+qMo=
-203,-142,Hap7BkojQcIhIxyEEsoR1keWaW0=,BRrGdxQzwgx0pfgg4GVay75+qMo=
-201,-142,Hap7BkojQcIhIxyEEsoR1keWaW0=,BRrGdxQzwgx0pfgg4GVay75+qMo=
-200,-142,Hap7BkojQcIhIxyEEsoR1keWaW0=,BRrGdxQzwgx0pfgg4GVay75+qMo=
-199,-142,Hap7BkojQcIhIxyEEsoR1keWaW0=,BRrGdxQzwgx0pfgg4GVay75+qMo=
-197,-142,Hap7BkojQcIhIxyEEsoR1keWaW0=,BRrGdxQzwgx0pfgg4GVay75+qMo=
-198,-142,Hap7BkojQcIhIxyEEsoR1keWaW0=,BRrGdxQzwgx0pfgg4GVay75+qMo=
-196,-142,Hap7BkojQcIhIxyEEsoR1keWaW0=,BRrGdxQzwgx0pfgg4GVay75+qMo=
-195,-142,Hap7BkojQcIhIxyEEsoR1keWaW0=,BRrGdxQzwgx0pfgg4GVay75+qMo=
-194,-142,Hap7BkojQcIhIxyEEsoR1keWaW0=,BRrGdxQzwgx0pfgg4GVay75+qMo=
-193,-142,Hap7BkojQcIhIxyEEsoR1keWaW0=,BRrGdxQzwgx0pfgg4GVay75+qMo=
-208,-141,Hap7BkojQcIhIxyEEsoR1keWaW0=,BRrGdxQzwgx0pfgg4GVay75+qMo=
-205,-144,Hap7BkojQcIhIxyEEsoR1keWaW0=,BRrGdxQzwgx0pfgg4GVay75+qMo=
-207,-141,Hap7BkojQcIhIxyEEsoR1keWaW0=,BRrGdxQzwgx0pfgg4GVay75+qMo=
-206,-141,Hap7BkojQcIhIxyEEsoR1keWaW0=,BRrGdxQzwgx0pfgg4GVay75+qMo=
-205,-141,Hap7BkojQcIhIxyEEsoR1keWaW0=,BRrGdxQzwgx0pfgg4GVay75+qMo=
-204,-141,Hap7BkojQcIhIxyEEsoR1keWaW0=,BRrGdxQzwgx0pfgg4GVay75+qMo=
-203,-141,Hap7BkojQcIhIxyEEsoR1keWaW0=,BRrGdxQzwgx0pfgg4GVay75+qMo=
-201,-141,Hap7BkojQcIhIxyEEsoR1keWaW0=,BRrGdxQzwgx0pfgg4GVay75+qMo=
-202,-141,Hap7BkojQcIhIxyEEsoR1keWaW0=,BRrGdxQzwgx0pfgg4GVay75+qMo=
-200,-141,Hap7BkojQcIhIxyEEsoR1keWaW0=,BRrGdxQzwgx0pfgg4GVay75+qMo=
-199,-141,Hap7BkojQcIhIxyEEsoR1keWaW0=,BRrGdxQzwgx0pfgg4GVay75+qMo=
-198,-141,Hap7BkojQcIhIxyEEsoR1keWaW0=,BRrGdxQzwgx0pfgg4GVay75+qMo=
-196,-141,Hap7BkojQcIhIxyEEsoR1keWaW0=,BRrGdxQzwgx0pfgg4GVay75+qMo=
-197,-141,Hap7BkojQcIhIxyEEsoR1keWaW0=,BRrGdxQzwgx0pfgg4GVay75+qMo=
-195,-141,Hap7BkojQcIhIxyEEsoR1keWaW0=,BRrGdxQzwgx0pfgg4GVay75+qMo=
-194,-141,Hap7BkojQcIhIxyEEsoR1keWaW0=,BRrGdxQzwgx0pfgg4GVay75+qMo=
-193,-141,Hap7BkojQcIhIxyEEsoR1keWaW0=,BRrGdxQzwgx0pfgg4GVay75+qMo=
-208,-140,Hap7BkojQcIhIxyEEsoR1keWaW0=,BRrGdxQzwgx0pfgg4GVay75+qMo=
-204,-144,Hap7BkojQcIhIxyEEsoR1keWaW0=,BRrGdxQzwgx0pfgg4GVay75+qMo=
-207,-140,Hap7BkojQcIhIxyEEsoR1keWaW0=,BRrGdxQzwgx0pfgg4GVay75+qMo=
-206,-140,Hap7BkojQcIhIxyEEsoR1keWaW0=,BRrGdxQzwgx0pfgg4GVay75+qMo=
-205,-140,Hap7BkojQcIhIxyEEsoR1keWaW0=,BRrGdxQzwgx0pfgg4GVay75+qMo=
-203,-140,Hap7BkojQcIhIxyEEsoR1keWaW0=,BRrGdxQzwgx0pfgg4GVay75+qMo=
-204,-140,Hap7BkojQcIhIxyEEsoR1keWaW0=,BRrGdxQzwgx0pfgg4GVay75+qMo=
-202,-140,Hap7BkojQcIhIxyEEsoR1keWaW0=,BRrGdxQzwgx0pfgg4GVay75+qMo=
-200,-140,Hap7BkojQcIhIxyEEsoR1keWaW0=,BRrGdxQzwgx0pfgg4GVay75+qMo=
-201,-140,Hap7BkojQcIhIxyEEsoR1keWaW0=,BRrGdxQzwgx0pfgg4GVay75+qMo=
-199,-140,Hap7BkojQcIhIxyEEsoR1keWaW0=,BRrGdxQzwgx0pfgg4GVay75+qMo=
-198,-140,Hap7BkojQcIhIxyEEsoR1keWaW0=,BRrGdxQzwgx0pfgg4GVay75+qMo=
-196,-140,Hap7BkojQcIhIxyEEsoR1keWaW0=,BRrGdxQzwgx0pfgg4GVay75+qMo=
-195,-140,Hap7BkojQcIhIxyEEsoR1keWaW0=,BRrGdxQzwgx0pfgg4GVay75+qMo=
-197,-140,Hap7BkojQcIhIxyEEsoR1keWaW0=,BRrGdxQzwgx0pfgg4GVay75+qMo=
-193,-140,Hap7BkojQcIhIxyEEsoR1keWaW0=,BRrGdxQzwgx0pfgg4GVay75+qMo=
-208,-139,Hap7BkojQcIhIxyEEsoR1keWaW0=,BRrGdxQzwgx0pfgg4GVay75+qMo=
-194,-140,Hap7BkojQcIhIxyEEsoR1keWaW0=,BRrGdxQzwgx0pfgg4GVay75+qMo=
-203,-144,Hap7BkojQcIhIxyEEsoR1keWaW0=,BRrGdxQzwgx0pfgg4GVay75+qMo=
-207,-139,Hap7BkojQcIhIxyEEsoR1keWaW0=,BRrGdxQzwgx0pfgg4GVay75+qMo=
-206,-139,Hap7BkojQcIhIxyEEsoR1keWaW0=,BRrGdxQzwgx0pfgg4GVay75+qMo=
-205,-139,Hap7BkojQcIhIxyEEsoR1keWaW0=,BRrGdxQzwgx0pfgg4GVay75+qMo=
-204,-139,Hap7BkojQcIhIxyEEsoR1keWaW0=,BRrGdxQzwgx0pfgg4GVay75+qMo=
-203,-139,Hap7BkojQcIhIxyEEsoR1keWaW0=,BRrGdxQzwgx0pfgg4GVay75+qMo=
-202,-139,Hap7BkojQcIhIxyEEsoR1keWaW0=,BRrGdxQzwgx0pfgg4GVay75+qMo=
-201,-139,Hap7BkojQcIhIxyEEsoR1keWaW0=,BRrGdxQzwgx0pfgg4GVay75+qMo=
-200,-139,Hap7BkojQcIhIxyEEsoR1keWaW0=,BRrGdxQzwgx0pfgg4GVay75+qMo=
-199,-139,Hap7BkojQcIhIxyEEsoR1keWaW0=,BRrGdxQzwgx0pfgg4GVay75+qMo=
-198,-139,Hap7BkojQcIhIxyEEsoR1keWaW0=,BRrGdxQzwgx0pfgg4GVay75+qMo=
-197,-139,Hap7BkojQcIhIxyEEsoR1keWaW0=,BRrGdxQzwgx0pfgg4GVay75+qMo=
-196,-139,Hap7BkojQcIhIxyEEsoR1keWaW0=,BRrGdxQzwgx0pfgg4GVay75+qMo=
-195,-139,Hap7BkojQcIhIxyEEsoR1keWaW0=,BRrGdxQzwgx0pfgg4GVay75+qMo=
-194,-139,Hap7BkojQcIhIxyEEsoR1keWaW0=,BRrGdxQzwgx0pfgg4GVay75+qMo=
-193,-139,Hap7BkojQcIhIxyEEsoR1keWaW0=,BRrGdxQzwgx0pfgg4GVay75+qMo=
-193,-130,Hap7BkojQcIhIxyEEsoR1keWaW0=,BRrGdxQzwgx0pfgg4GVay75+qMo=
-195,-130,Hap7BkojQcIhIxyEEsoR1keWaW0=,BRrGdxQzwgx0pfgg4GVay75+qMo=
-194,-130,Hap7BkojQcIhIxyEEsoR1keWaW0=,BRrGdxQzwgx0pfgg4GVay75+qMo=
-196,-130,Hap7BkojQcIhIxyEEsoR1keWaW0=,BRrGdxQzwgx0pfgg4GVay75+qMo=
-197,-130,Hap7BkojQcIhIxyEEsoR1keWaW0=,BRrGdxQzwgx0pfgg4GVay75+qMo=
-200,-130,Hap7BkojQcIhIxyEEsoR1keWaW0=,BRrGdxQzwgx0pfgg4GVay75+qMo=
-193,-144,Hap7BkojQcIhIxyEEsoR1keWaW0=,BRrGdxQzwgx0pfgg4GVay75+qMo=
-194,-144,Hap7BkojQcIhIxyEEsoR1keWaW0=,BRrGdxQzwgx0pfgg4GVay75+qMo=
-193,-131,Hap7BkojQcIhIxyEEsoR1keWaW0=,BRrGdxQzwgx0pfgg4GVay75+qMo=
-194,-131,Hap7BkojQcIhIxyEEsoR1keWaW0=,BRrGdxQzwgx0pfgg4GVay75+qMo=
-195,-131,Hap7BkojQcIhIxyEEsoR1keWaW0=,BRrGdxQzwgx0pfgg4GVay75+qMo=
-196,-131,Hap7BkojQcIhIxyEEsoR1keWaW0=,BRrGdxQzwgx0pfgg4GVay75+qMo=
-205,-129,Hap7BkojQcIhIxyEEsoR1keWaW0=,BRrGdxQzwgx0pfgg4GVay75+qMo=
-195,-144,Hap7BkojQcIhIxyEEsoR1keWaW0=,BRrGdxQzwgx0pfgg4GVay75+qMo=
-204,-129,Hap7BkojQcIhIxyEEsoR1keWaW0=,BRrGdxQzwgx0pfgg4GVay75+qMo=
-198,-130,Hap7BkojQcIhIxyEEsoR1keWaW0=,BRrGdxQzwgx0pfgg4GVay75+qMo=
-193,-132,Hap7BkojQcIhIxyEEsoR1keWaW0=,BRrGdxQzwgx0pfgg4GVay75+qMo=
-194,-132,Hap7BkojQcIhIxyEEsoR1keWaW0=,BRrGdxQzwgx0pfgg4GVay75+qMo=
-195,-132,Hap7BkojQcIhIxyEEsoR1keWaW0=,BRrGdxQzwgx0pfgg4GVay75+qMo=
-196,-132,Hap7BkojQcIhIxyEEsoR1keWaW0=,BRrGdxQzwgx0pfgg4GVay75+qMo=
-197,-132,Hap7BkojQcIhIxyEEsoR1keWaW0=,BRrGdxQzwgx0pfgg4GVay75+qMo=
-198,-132,Hap7BkojQcIhIxyEEsoR1keWaW0=,BRrGdxQzwgx0pfgg4GVay75+qMo=
-199,-132,Hap7BkojQcIhIxyEEsoR1keWaW0=,BRrGdxQzwgx0pfgg4GVay75+qMo=
-201,-129,Hap7BkojQcIhIxyEEsoR1keWaW0=,BRrGdxQzwgx0pfgg4GVay75+qMo=
-199,-130,Hap7BkojQcIhIxyEEsoR1keWaW0=,BRrGdxQzwgx0pfgg4GVay75+qMo=
-205,-130,Hap7BkojQcIhIxyEEsoR1keWaW0=,BRrGdxQzwgx0pfgg4GVay75+qMo=
-202,-131,Hap7BkojQcIhIxyEEsoR1keWaW0=,BRrGdxQzwgx0pfgg4GVay75+qMo=
-208,-129,Hap7BkojQcIhIxyEEsoR1keWaW0=,BRrGdxQzwgx0pfgg4GVay75+qMo=
-203,-130,Hap7BkojQcIhIxyEEsoR1keWaW0=,BRrGdxQzwgx0pfgg4GVay75+qMo=
-199,-129,Hap7BkojQcIhIxyEEsoR1keWaW0=,BRrGdxQzwgx0pfgg4GVay75+qMo=
-196,-144,Hap7BkojQcIhIxyEEsoR1keWaW0=,BRrGdxQzwgx0pfgg4GVay75+qMo=
-208,-138,Hap7BkojQcIhIxyEEsoR1keWaW0=,BRrGdxQzwgx0pfgg4GVay75+qMo=
-202,-144,Hap7BkojQcIhIxyEEsoR1keWaW0=,BRrGdxQzwgx0pfgg4GVay75+qMo=
-207,-138,Hap7BkojQcIhIxyEEsoR1keWaW0=,BRrGdxQzwgx0pfgg4GVay75+qMo=
-205,-138,Hap7BkojQcIhIxyEEsoR1keWaW0=,BRrGdxQzwgx0pfgg4GVay75+qMo=
-206,-138,Hap7BkojQcIhIxyEEsoR1keWaW0=,BRrGdxQzwgx0pfgg4GVay75+qMo=
-204,-138,Hap7BkojQcIhIxyEEsoR1keWaW0=,BRrGdxQzwgx0pfgg4GVay75+qMo=
-203,-138,Hap7BkojQcIhIxyEEsoR1keWaW0=,BRrGdxQzwgx0pfgg4GVay75+qMo=
-206,-131,Hap7BkojQcIhIxyEEsoR1keWaW0=,BRrGdxQzwgx0pfgg4GVay75+qMo=
-202,-138,Hap7BkojQcIhIxyEEsoR1keWaW0=,BRrGdxQzwgx0pfgg4GVay75+qMo=
-196,-138,Hap7BkojQcIhIxyEEsoR1keWaW0=,BRrGdxQzwgx0pfgg4GVay75+qMo=
-195,-138,Hap7BkojQcIhIxyEEsoR1keWaW0=,BRrGdxQzwgx0pfgg4GVay75+qMo=
-194,-138,Hap7BkojQcIhIxyEEsoR1keWaW0=,BRrGdxQzwgx0pfgg4GVay75+qMo=
-193,-138,Hap7BkojQcIhIxyEEsoR1keWaW0=,BRrGdxQzwgx0pfgg4GVay75+qMo=
-207,-129,Hap7BkojQcIhIxyEEsoR1keWaW0=,BRrGdxQzwgx0pfgg4GVay75+qMo=
-193,-133,Hap7BkojQcIhIxyEEsoR1keWaW0=,BRrGdxQzwgx0pfgg4GVay75+qMo=
-194,-133,Hap7BkojQcIhIxyEEsoR1keWaW0=,BRrGdxQzwgx0pfgg4GVay75+qMo=
-195,-133,Hap7BkojQcIhIxyEEsoR1keWaW0=,BRrGdxQzwgx0pfgg4GVay75+qMo=
-196,-133,Hap7BkojQcIhIxyEEsoR1keWaW0=,BRrGdxQzwgx0pfgg4GVay75+qMo=
-197,-133,Hap7BkojQcIhIxyEEsoR1keWaW0=,BRrGdxQzwgx0pfgg4GVay75+qMo=
-199,-133,Hap7BkojQcIhIxyEEsoR1keWaW0=,BRrGdxQzwgx0pfgg4GVay75+qMo=
-198,-133,Hap7BkojQcIhIxyEEsoR1keWaW0=,BRrGdxQzwgx0pfgg4GVay75+qMo=
-207,-131,Hap7BkojQcIhIxyEEsoR1keWaW0=,BRrGdxQzwgx0pfgg4GVay75+qMo=
-198,-131,Hap7BkojQcIhIxyEEsoR1keWaW0=,BRrGdxQzwgx0pfgg4GVay75+qMo=
-204,-130,Hap7BkojQcIhIxyEEsoR1keWaW0=,BRrGdxQzwgx0pfgg4GVay75+qMo=
-205,-131,Hap7BkojQcIhIxyEEsoR1keWaW0=,BRrGdxQzwgx0pfgg4GVay75+qMo=
-204,-131,Hap7BkojQcIhIxyEEsoR1keWaW0=,BRrGdxQzwgx0pfgg4GVay75+qMo=
-208,-130,Hap7BkojQcIhIxyEEsoR1keWaW0=,BRrGdxQzwgx0pfgg4GVay75+qMo=
-202,-129,Hap7BkojQcIhIxyEEsoR1keWaW0=,BRrGdxQzwgx0pfgg4GVay75+qMo=
-203,-129,Hap7BkojQcIhIxyEEsoR1keWaW0=,BRrGdxQzwgx0pfgg4GVay75+qMo=
-197,-144,Hap7BkojQcIhIxyEEsoR1keWaW0=,BRrGdxQzwgx0pfgg4GVay75+qMo=
-203,-131,Hap7BkojQcIhIxyEEsoR1keWaW0=,BRrGdxQzwgx0pfgg4GVay75+qMo=
-194,-134,Hap7BkojQcIhIxyEEsoR1keWaW0=,BRrGdxQzwgx0pfgg4GVay75+qMo=
-195,-134,Hap7BkojQcIhIxyEEsoR1keWaW0=,BRrGdxQzwgx0pfgg4GVay75+qMo=
-193,-134,Hap7BkojQcIhIxyEEsoR1keWaW0=,BRrGdxQzwgx0pfgg4GVay75+qMo=
-196,-134,Hap7BkojQcIhIxyEEsoR1keWaW0=,BRrGdxQzwgx0pfgg4GVay75+qMo=
-197,-134,Hap7BkojQcIhIxyEEsoR1keWaW0=,BRrGdxQzwgx0pfgg4GVay75+qMo=
-198,-134,Hap7BkojQcIhIxyEEsoR1keWaW0=,BRrGdxQzwgx0pfgg4GVay75+qMo=
-200,-134,Hap7BkojQcIhIxyEEsoR1keWaW0=,BRrGdxQzwgx0pfgg4GVay75+qMo=
-199,-134,Hap7BkojQcIhIxyEEsoR1keWaW0=,BRrGdxQzwgx0pfgg4GVay75+qMo=
-203,-132,Hap7BkojQcIhIxyEEsoR1keWaW0=,BRrGdxQzwgx0pfgg4GVay75+qMo=
-206,-129,Hap7BkojQcIhIxyEEsoR1keWaW0=,BRrGdxQzwgx0pfgg4GVay75+qMo=
-206,-130,Hap7BkojQcIhIxyEEsoR1keWaW0=,BRrGdxQzwgx0pfgg4GVay75+qMo=
-207,-130,Hap7BkojQcIhIxyEEsoR1keWaW0=,BRrGdxQzwgx0pfgg4GVay75+qMo=
-204,-132,Hap7BkojQcIhIxyEEsoR1keWaW0=,BRrGdxQzwgx0pfgg4GVay75+qMo=
-202,-134,Hap7BkojQcIhIxyEEsoR1keWaW0=,BRrGdxQzwgx0pfgg4GVay75+qMo=
-207,-133,Hap7BkojQcIhIxyEEsoR1keWaW0=,BRrGdxQzwgx0pfgg4GVay75+qMo=
-198,-144,Hap7BkojQcIhIxyEEsoR1keWaW0=,BRrGdxQzwgx0pfgg4GVay75+qMo=
-205,-132,Hap7BkojQcIhIxyEEsoR1keWaW0=,BRrGdxQzwgx0pfgg4GVay75+qMo=
-193,-135,Hap7BkojQcIhIxyEEsoR1keWaW0=,BRrGdxQzwgx0pfgg4GVay75+qMo=
-194,-135,Hap7BkojQcIhIxyEEsoR1keWaW0=,BRrGdxQzwgx0pfgg4GVay75+qMo=
-195,-135,Hap7BkojQcIhIxyEEsoR1keWaW0=,BRrGdxQzwgx0pfgg4GVay75+qMo=
-196,-135,Hap7BkojQcIhIxyEEsoR1keWaW0=,BRrGdxQzwgx0pfgg4GVay75+qMo=
-197,-135,Hap7BkojQcIhIxyEEsoR1keWaW0=,BRrGdxQzwgx0pfgg4GVay75+qMo=
-198,-135,Hap7BkojQcIhIxyEEsoR1keWaW0=,BRrGdxQzwgx0pfgg4GVay75+qMo=
-199,-135,Hap7BkojQcIhIxyEEsoR1keWaW0=,BRrGdxQzwgx0pfgg4GVay75+qMo=
-200,-131,Hap7BkojQcIhIxyEEsoR1keWaW0=,BRrGdxQzwgx0pfgg4GVay75+qMo=
-203,-133,Hap7BkojQcIhIxyEEsoR1keWaW0=,BRrGdxQzwgx0pfgg4GVay75+qMo=
-208,-131,Hap7BkojQcIhIxyEEsoR1keWaW0=,BRrGdxQzwgx0pfgg4GVay75+qMo=
-201,-132,Hap7BkojQcIhIxyEEsoR1keWaW0=,BRrGdxQzwgx0pfgg4GVay75+qMo=
-202,-132,Hap7BkojQcIhIxyEEsoR1keWaW0=,BRrGdxQzwgx0pfgg4GVay75+qMo=
-202,-130,Hap7BkojQcIhIxyEEsoR1keWaW0=,BRrGdxQzwgx0pfgg4GVay75+qMo=
-201,-133,Hap7BkojQcIhIxyEEsoR1keWaW0=,BRrGdxQzwgx0pfgg4GVay75+qMo=
-204,-133,Hap7BkojQcIhIxyEEsoR1keWaW0=,BRrGdxQzwgx0pfgg4GVay75+qMo=
-199,-144,Hap7BkojQcIhIxyEEsoR1keWaW0=,BRrGdxQzwgx0pfgg4GVay75+qMo=
-208,-135,Hap7BkojQcIhIxyEEsoR1keWaW0=,BRrGdxQzwgx0pfgg4GVay75+qMo=
-193,-136,Hap7BkojQcIhIxyEEsoR1keWaW0=,BRrGdxQzwgx0pfgg4GVay75+qMo=
-194,-136,Hap7BkojQcIhIxyEEsoR1keWaW0=,BRrGdxQzwgx0pfgg4GVay75+qMo=
-195,-136,Hap7BkojQcIhIxyEEsoR1keWaW0=,BRrGdxQzwgx0pfgg4GVay75+qMo=
-196,-136,Hap7BkojQcIhIxyEEsoR1keWaW0=,BRrGdxQzwgx0pfgg4GVay75+qMo=
-197,-136,Hap7BkojQcIhIxyEEsoR1keWaW0=,BRrGdxQzwgx0pfgg4GVay75+qMo=
-198,-136,Hap7BkojQcIhIxyEEsoR1keWaW0=,BRrGdxQzwgx0pfgg4GVay75+qMo=
-199,-136,Hap7BkojQcIhIxyEEsoR1keWaW0=,BRrGdxQzwgx0pfgg4GVay75+qMo=
-200,-136,Hap7BkojQcIhIxyEEsoR1keWaW0=,BRrGdxQzwgx0pfgg4GVay75+qMo=
-201,-136,Hap7BkojQcIhIxyEEsoR1keWaW0=,BRrGdxQzwgx0pfgg4GVay75+qMo=
-201,-130,Hap7BkojQcIhIxyEEsoR1keWaW0=,BRrGdxQzwgx0pfgg4GVay75+qMo=
-199,-131,Hap7BkojQcIhIxyEEsoR1keWaW0=,BRrGdxQzwgx0pfgg4GVay75+qMo=
-200,-133,Hap7BkojQcIhIxyEEsoR1keWaW0=,BRrGdxQzwgx0pfgg4GVay75+qMo=
-201,-131,Hap7BkojQcIhIxyEEsoR1keWaW0=,BRrGdxQzwgx0pfgg4GVay75+qMo=
-198,-129,Hap7BkojQcIhIxyEEsoR1keWaW0=,BRrGdxQzwgx0pfgg4GVay75+qMo=
-202,-133,Hap7BkojQcIhIxyEEsoR1keWaW0=,BRrGdxQzwgx0pfgg4GVay75+qMo=
-200,-144,Hap7BkojQcIhIxyEEsoR1keWaW0=,BRrGdxQzwgx0pfgg4GVay75+qMo=
-207,-132,Hap7BkojQcIhIxyEEsoR1keWaW0=,BRrGdxQzwgx0pfgg4GVay75+qMo=
-193,-137,Hap7BkojQcIhIxyEEsoR1keWaW0=,BRrGdxQzwgx0pfgg4GVay75+qMo=
-194,-137,Hap7BkojQcIhIxyEEsoR1keWaW0=,BRrGdxQzwgx0pfgg4GVay75+qMo=
-196,-137,Hap7BkojQcIhIxyEEsoR1keWaW0=,BRrGdxQzwgx0pfgg4GVay75+qMo=
-195,-137,Hap7BkojQcIhIxyEEsoR1keWaW0=,BRrGdxQzwgx0pfgg4GVay75+qMo=
-197,-137,Hap7BkojQcIhIxyEEsoR1keWaW0=,BRrGdxQzwgx0pfgg4GVay75+qMo=
-198,-137,Hap7BkojQcIhIxyEEsoR1keWaW0=,BRrGdxQzwgx0pfgg4GVay75+qMo=
-199,-137,Hap7BkojQcIhIxyEEsoR1keWaW0=,BRrGdxQzwgx0pfgg4GVay75+qMo=
-200,-137,Hap7BkojQcIhIxyEEsoR1keWaW0=,BRrGdxQzwgx0pfgg4GVay75+qMo=
-201,-137,Hap7BkojQcIhIxyEEsoR1keWaW0=,BRrGdxQzwgx0pfgg4GVay75+qMo=
-202,-137,Hap7BkojQcIhIxyEEsoR1keWaW0=,BRrGdxQzwgx0pfgg4GVay75+qMo=
-197,-131,Hap7BkojQcIhIxyEEsoR1keWaW0=,BRrGdxQzwgx0pfgg4GVay75+qMo=
-201,-144,Hap7BkojQcIhIxyEEsoR1keWaW0=,BRrGdxQzwgx0pfgg4GVay75+qMo=
-208,-137,Hap7BkojQcIhIxyEEsoR1keWaW0=,BRrGdxQzwgx0pfgg4GVay75+qMo=
-203,-134,Hap7BkojQcIhIxyEEsoR1keWaW0=,BRrGdxQzwgx0pfgg4GVay75+qMo=
-208,-132,Hap7BkojQcIhIxyEEsoR1keWaW0=,BRrGdxQzwgx0pfgg4GVay75+qMo=
-206,-133,Hap7BkojQcIhIxyEEsoR1keWaW0=,BRrGdxQzwgx0pfgg4GVay75+qMo=
-207,-134,Hap7BkojQcIhIxyEEsoR1keWaW0=,BRrGdxQzwgx0pfgg4GVay75+qMo=
-204,-134,Hap7BkojQcIhIxyEEsoR1keWaW0=,BRrGdxQzwgx0pfgg4GVay75+qMo=
-206,-134,Hap7BkojQcIhIxyEEsoR1keWaW0=,BRrGdxQzwgx0pfgg4GVay75+qMo=
-200,-132,Hap7BkojQcIhIxyEEsoR1keWaW0=,BRrGdxQzwgx0pfgg4GVay75+qMo=
-202,-135,Hap7BkojQcIhIxyEEsoR1keWaW0=,BRrGdxQzwgx0pfgg4GVay75+qMo=
-206,-132,Hap7BkojQcIhIxyEEsoR1keWaW0=,BRrGdxQzwgx0pfgg4GVay75+qMo=
-205,-133,Hap7BkojQcIhIxyEEsoR1keWaW0=,BRrGdxQzwgx0pfgg4GVay75+qMo=
-200,-135,Hap7BkojQcIhIxyEEsoR1keWaW0=,BRrGdxQzwgx0pfgg4GVay75+qMo=
-207,-136,Hap7BkojQcIhIxyEEsoR1keWaW0=,BRrGdxQzwgx0pfgg4GVay75+qMo=
-204,-135,Hap7BkojQcIhIxyEEsoR1keWaW0=,BRrGdxQzwgx0pfgg4GVay75+qMo=
-205,-134,Hap7BkojQcIhIxyEEsoR1keWaW0=,BRrGdxQzwgx0pfgg4GVay75+qMo=
-202,-136,Hap7BkojQcIhIxyEEsoR1keWaW0=,BRrGdxQzwgx0pfgg4GVay75+qMo=
-207,-137,Hap7BkojQcIhIxyEEsoR1keWaW0=,BRrGdxQzwgx0pfgg4GVay75+qMo=
-206,-136,Hap7BkojQcIhIxyEEsoR1keWaW0=,BRrGdxQzwgx0pfgg4GVay75+qMo=
-205,-137,Hap7BkojQcIhIxyEEsoR1keWaW0=,BRrGdxQzwgx0pfgg4GVay75+qMo=
-201,-134,Hap7BkojQcIhIxyEEsoR1keWaW0=,BRrGdxQzwgx0pfgg4GVay75+qMo=
-208,-133,Hap7BkojQcIhIxyEEsoR1keWaW0=,BRrGdxQzwgx0pfgg4GVay75+qMo=
-204,-137,Hap7BkojQcIhIxyEEsoR1keWaW0=,BRrGdxQzwgx0pfgg4GVay75+qMo=
-203,-136,Hap7BkojQcIhIxyEEsoR1keWaW0=,BRrGdxQzwgx0pfgg4GVay75+qMo=
-204,-136,Hap7BkojQcIhIxyEEsoR1keWaW0=,BRrGdxQzwgx0pfgg4GVay75+qMo=
-207,-135,Hap7BkojQcIhIxyEEsoR1keWaW0=,BRrGdxQzwgx0pfgg4GVay75+qMo=
-203,-135,Hap7BkojQcIhIxyEEsoR1keWaW0=,BRrGdxQzwgx0pfgg4GVay75+qMo=
-206,-137,Hap7BkojQcIhIxyEEsoR1keWaW0=,BRrGdxQzwgx0pfgg4GVay75+qMo=
-205,-136,Hap7BkojQcIhIxyEEsoR1keWaW0=,BRrGdxQzwgx0pfgg4GVay75+qMo=
-208,-136,Hap7BkojQcIhIxyEEsoR1keWaW0=,BRrGdxQzwgx0pfgg4GVay75+qMo=
-203,-137,Hap7BkojQcIhIxyEEsoR1keWaW0=,BRrGdxQzwgx0pfgg4GVay75+qMo=
-205,-135,Hap7BkojQcIhIxyEEsoR1keWaW0=,BRrGdxQzwgx0pfgg4GVay75+qMo=
-206,-135,Hap7BkojQcIhIxyEEsoR1keWaW0=,BRrGdxQzwgx0pfgg4GVay75+qMo=
-208,-134,Hap7BkojQcIhIxyEEsoR1keWaW0=,BRrGdxQzwgx0pfgg4GVay75+qMo=
-201,-135,Hap7BkojQcIhIxyEEsoR1keWaW0=,BRrGdxQzwgx0pfgg4GVay75+qMo=
-201,-138,Hap7BkojQcIhIxyEEsoR1keWaW0=,BRrGdxQzwgx0pfgg4GVay75+qMo=
-199,-138,Hap7BkojQcIhIxyEEsoR1keWaW0=,BRrGdxQzwgx0pfgg4GVay75+qMo=
-198,-138,Hap7BkojQcIhIxyEEsoR1keWaW0=,BRrGdxQzwgx0pfgg4GVay75+qMo=
-197,-138,Hap7BkojQcIhIxyEEsoR1keWaW0=,BRrGdxQzwgx0pfgg4GVay75+qMo=
-200,-138,Hap7BkojQcIhIxyEEsoR1keWaW0=,BRrGdxQzwgx0pfgg4GVay75+qMo=
