-1118,224,p6Be7A30XMUg8FbN4dX7WH3yBSw=,YMfzENrNXDK2qpsCzttkROfNuig=
-1105,239,p6Be7A30XMUg8FbN4dX7WH3yBSw=,YMfzENrNXDK2qpsCzttkROfNuig=
-1120,224,p6Be7A30XMUg8FbN4dX7WH3yBSw=,YMfzENrNXDK2qpsCzttkROfNuig=
-1106,239,p6Be7A30XMUg8FbN4dX7WH3yBSw=,YMfzENrNXDK2qpsCzttkROfNuig=
-1119,224,p6Be7A30XMUg8FbN4dX7WH3yBSw=,YMfzENrNXDK2qpsCzttkROfNuig=
-1107,239,p6Be7A30XMUg8FbN4dX7WH3yBSw=,YMfzENrNXDK2qpsCzttkROfNuig=
-1108,239,p6Be7A30XMUg8FbN4dX7WH3yBSw=,YMfzENrNXDK2qpsCzttkROfNuig=
-1110,239,p6Be7A30XMUg8FbN4dX7WH3yBSw=,YMfzENrNXDK2qpsCzttkROfNuig=
-1109,239,p6Be7A30XMUg8FbN4dX7WH3yBSw=,YMfzENrNXDK2qpsCzttkROfNuig=
-1111,239,p6Be7A30XMUg8FbN4dX7WH3yBSw=,YMfzENrNXDK2qpsCzttkROfNuig=
-1112,239,p6Be7A30XMUg8FbN4dX7WH3yBSw=,YMfzENrNXDK2qpsCzttkROfNuig=
-1114,239,p6Be7A30XMUg8FbN4dX7WH3yBSw=,YMfzENrNXDK2qpsCzttkROfNuig=
-1115,239,p6Be7A30XMUg8FbN4dX7WH3yBSw=,YMfzENrNXDK2qpsCzttkROfNuig=
-1113,239,p6Be7A30XMUg8FbN4dX7WH3yBSw=,YMfzENrNXDK2qpsCzttkROfNuig=
-1117,239,p6Be7A30XMUg8FbN4dX7WH3yBSw=,YMfzENrNXDK2qpsCzttkROfNuig=
-1116,239,p6Be7A30XMUg8FbN4dX7WH3yBSw=,YMfzENrNXDK2qpsCzttkROfNuig=
-1118,239,p6Be7A30XMUg8FbN4dX7WH3yBSw=,YMfzENrNXDK2qpsCzttkROfNuig=
-1105,238,p6Be7A30XMUg8FbN4dX7WH3yBSw=,YMfzENrNXDK2qpsCzttkROfNuig=
-1119,239,p6Be7A30XMUg8FbN4dX7WH3yBSw=,YMfzENrNXDK2qpsCzttkROfNuig=
-1120,239,p6Be7A30XMUg8FbN4dX7WH3yBSw=,YMfzENrNXDK2qpsCzttkROfNuig=
-1106,238,p6Be7A30XMUg8FbN4dX7WH3yBSw=,YMfzENrNXDK2qpsCzttkROfNuig=
-1107,238,p6Be7A30XMUg8FbN4dX7WH3yBSw=,YMfzENrNXDK2qpsCzttkROfNuig=
-1108,238,p6Be7A30XMUg8FbN4dX7WH3yBSw=,YMfzENrNXDK2qpsCzttkROfNuig=
-1110,238,p6Be7A30XMUg8FbN4dX7WH3yBSw=,YMfzENrNXDK2qpsCzttkROfNuig=
-1109,238,p6Be7A30XMUg8FbN4dX7WH3yBSw=,YMfzENrNXDK2qpsCzttkROfNuig=
-1111,238,p6Be7A30XMUg8FbN4dX7WH3yBSw=,YMfzENrNXDK2qpsCzttkROfNuig=
-1112,238,p6Be7A30XMUg8FbN4dX7WH3yBSw=,YMfzENrNXDK2qpsCzttkROfNuig=
-1113,238,p6Be7A30XMUg8FbN4dX7WH3yBSw=,YMfzENrNXDK2qpsCzttkROfNuig=
-1117,238,p6Be7A30XMUg8FbN4dX7WH3yBSw=,YMfzENrNXDK2qpsCzttkROfNuig=
-1118,238,p6Be7A30XMUg8FbN4dX7WH3yBSw=,YMfzENrNXDK2qpsCzttkROfNuig=
-1116,238,p6Be7A30XMUg8FbN4dX7WH3yBSw=,YMfzENrNXDK2qpsCzttkROfNuig=
-1120,238,p6Be7A30XMUg8FbN4dX7WH3yBSw=,YMfzENrNXDK2qpsCzttkROfNuig=
-1115,238,p6Be7A30XMUg8FbN4dX7WH3yBSw=,YMfzENrNXDK2qpsCzttkROfNuig=
-1105,237,p6Be7A30XMUg8FbN4dX7WH3yBSw=,YMfzENrNXDK2qpsCzttkROfNuig=
-1106,237,p6Be7A30XMUg8FbN4dX7WH3yBSw=,YMfzENrNXDK2qpsCzttkROfNuig=
-1114,238,p6Be7A30XMUg8FbN4dX7WH3yBSw=,YMfzENrNXDK2qpsCzttkROfNuig=
-1108,237,p6Be7A30XMUg8FbN4dX7WH3yBSw=,YMfzENrNXDK2qpsCzttkROfNuig=
-1107,237,p6Be7A30XMUg8FbN4dX7WH3yBSw=,YMfzENrNXDK2qpsCzttkROfNuig=
-1109,237,p6Be7A30XMUg8FbN4dX7WH3yBSw=,YMfzENrNXDK2qpsCzttkROfNuig=
-1110,237,p6Be7A30XMUg8FbN4dX7WH3yBSw=,YMfzENrNXDK2qpsCzttkROfNuig=
-1112,237,p6Be7A30XMUg8FbN4dX7WH3yBSw=,YMfzENrNXDK2qpsCzttkROfNuig=
-1119,238,p6Be7A30XMUg8FbN4dX7WH3yBSw=,YMfzENrNXDK2qpsCzttkROfNuig=
-1117,224,p6Be7A30XMUg8FbN4dX7WH3yBSw=,YMfzENrNXDK2qpsCzttkROfNuig=
-1115,237,p6Be7A30XMUg8FbN4dX7WH3yBSw=,YMfzENrNXDK2qpsCzttkROfNuig=
-1113,237,p6Be7A30XMUg8FbN4dX7WH3yBSw=,YMfzENrNXDK2qpsCzttkROfNuig=
-1114,237,p6Be7A30XMUg8FbN4dX7WH3yBSw=,YMfzENrNXDK2qpsCzttkROfNuig=
-1116,237,p6Be7A30XMUg8FbN4dX7WH3yBSw=,YMfzENrNXDK2qpsCzttkROfNuig=
-1118,237,p6Be7A30XMUg8FbN4dX7WH3yBSw=,YMfzENrNXDK2qpsCzttkROfNuig=
-1119,237,p6Be7A30XMUg8FbN4dX7WH3yBSw=,YMfzENrNXDK2qpsCzttkROfNuig=
-1117,237,p6Be7A30XMUg8FbN4dX7WH3yBSw=,YMfzENrNXDK2qpsCzttkROfNuig=
-1116,224,p6Be7A30XMUg8FbN4dX7WH3yBSw=,YMfzENrNXDK2qpsCzttkROfNuig=
-1111,237,p6Be7A30XMUg8FbN4dX7WH3yBSw=,YMfzENrNXDK2qpsCzttkROfNuig=
-1106,236,p6Be7A30XMUg8FbN4dX7WH3yBSw=,YMfzENrNXDK2qpsCzttkROfNuig=
-1105,236,p6Be7A30XMUg8FbN4dX7WH3yBSw=,YMfzENrNXDK2qpsCzttkROfNuig=
-1108,236,p6Be7A30XMUg8FbN4dX7WH3yBSw=,YMfzENrNXDK2qpsCzttkROfNuig=
-1107,236,p6Be7A30XMUg8FbN4dX7WH3yBSw=,YMfzENrNXDK2qpsCzttkROfNuig=
-1115,224,p6Be7A30XMUg8FbN4dX7WH3yBSw=,YMfzENrNXDK2qpsCzttkROfNuig=
-1109,236,p6Be7A30XMUg8FbN4dX7WH3yBSw=,YMfzENrNXDK2qpsCzttkROfNuig=
-1120,237,p6Be7A30XMUg8FbN4dX7WH3yBSw=,YMfzENrNXDK2qpsCzttkROfNuig=
-1112,236,p6Be7A30XMUg8FbN4dX7WH3yBSw=,YMfzENrNXDK2qpsCzttkROfNuig=
-1114,224,p6Be7A30XMUg8FbN4dX7WH3yBSw=,YMfzENrNXDK2qpsCzttkROfNuig=
-1110,236,p6Be7A30XMUg8FbN4dX7WH3yBSw=,YMfzENrNXDK2qpsCzttkROfNuig=
-1114,236,p6Be7A30XMUg8FbN4dX7WH3yBSw=,YMfzENrNXDK2qpsCzttkROfNuig=
-1113,236,p6Be7A30XMUg8FbN4dX7WH3yBSw=,YMfzENrNXDK2qpsCzttkROfNuig=
-1111,236,p6Be7A30XMUg8FbN4dX7WH3yBSw=,YMfzENrNXDK2qpsCzttkROfNuig=
-1113,224,p6Be7A30XMUg8FbN4dX7WH3yBSw=,YMfzENrNXDK2qpsCzttkROfNuig=
-1116,236,p6Be7A30XMUg8FbN4dX7WH3yBSw=,YMfzENrNXDK2qpsCzttkROfNuig=
-1118,236,p6Be7A30XMUg8FbN4dX7WH3yBSw=,YMfzENrNXDK2qpsCzttkROfNuig=
-1117,236,p6Be7A30XMUg8FbN4dX7WH3yBSw=,YMfzENrNXDK2qpsCzttkROfNuig=
-1120,236,p6Be7A30XMUg8FbN4dX7WH3yBSw=,YMfzENrNXDK2qpsCzttkROfNuig=
-1119,236,p6Be7A30XMUg8FbN4dX7WH3yBSw=,YMfzENrNXDK2qpsCzttkROfNuig=
-1115,236,p6Be7A30XMUg8FbN4dX7WH3yBSw=,YMfzENrNXDK2qpsCzttkROfNuig=
-1112,224,p6Be7A30XMUg8FbN4dX7WH3yBSw=,YMfzENrNXDK2qpsCzttkROfNuig=
-1107,235,p6Be7A30XMUg8FbN4dX7WH3yBSw=,YMfzENrNXDK2qpsCzttkROfNuig=
-1106,235,p6Be7A30XMUg8FbN4dX7WH3yBSw=,YMfzENrNXDK2qpsCzttkROfNuig=
-1108,235,p6Be7A30XMUg8FbN4dX7WH3yBSw=,YMfzENrNXDK2qpsCzttkROfNuig=
-1109,235,p6Be7A30XMUg8FbN4dX7WH3yBSw=,YMfzENrNXDK2qpsCzttkROfNuig=
-1105,235,p6Be7A30XMUg8FbN4dX7WH3yBSw=,YMfzENrNXDK2qpsCzttkROfNuig=
-1110,235,p6Be7A30XMUg8FbN4dX7WH3yBSw=,YMfzENrNXDK2qpsCzttkROfNuig=
-1111,224,p6Be7A30XMUg8FbN4dX7WH3yBSw=,YMfzENrNXDK2qpsCzttkROfNuig=
-1112,235,p6Be7A30XMUg8FbN4dX7WH3yBSw=,YMfzENrNXDK2qpsCzttkROfNuig=
-1113,235,p6Be7A30XMUg8FbN4dX7WH3yBSw=,YMfzENrNXDK2qpsCzttkROfNuig=
-1110,224,p6Be7A30XMUg8FbN4dX7WH3yBSw=,YMfzENrNXDK2qpsCzttkROfNuig=
-1116,235,p6Be7A30XMUg8FbN4dX7WH3yBSw=,YMfzENrNXDK2qpsCzttkROfNuig=
-1118,235,p6Be7A30XMUg8FbN4dX7WH3yBSw=,YMfzENrNXDK2qpsCzttkROfNuig=
-1117,235,p6Be7A30XMUg8FbN4dX7WH3yBSw=,YMfzENrNXDK2qpsCzttkROfNuig=
-1111,235,p6Be7A30XMUg8FbN4dX7WH3yBSw=,YMfzENrNXDK2qpsCzttkROfNuig=
-1105,234,p6Be7A30XMUg8FbN4dX7WH3yBSw=,YMfzENrNXDK2qpsCzttkROfNuig=
-1115,235,p6Be7A30XMUg8FbN4dX7WH3yBSw=,YMfzENrNXDK2qpsCzttkROfNuig=
-1114,235,p6Be7A30XMUg8FbN4dX7WH3yBSw=,YMfzENrNXDK2qpsCzttkROfNuig=
-1108,234,p6Be7A30XMUg8FbN4dX7WH3yBSw=,YMfzENrNXDK2qpsCzttkROfNuig=
-1107,234,p6Be7A30XMUg8FbN4dX7WH3yBSw=,YMfzENrNXDK2qpsCzttkROfNuig=
-1106,234,p6Be7A30XMUg8FbN4dX7WH3yBSw=,YMfzENrNXDK2qpsCzttkROfNuig=
-1113,234,p6Be7A30XMUg8FbN4dX7WH3yBSw=,YMfzENrNXDK2qpsCzttkROfNuig=
-1109,234,p6Be7A30XMUg8FbN4dX7WH3yBSw=,YMfzENrNXDK2qpsCzttkROfNuig=
-1111,234,p6Be7A30XMUg8FbN4dX7WH3yBSw=,YMfzENrNXDK2qpsCzttkROfNuig=
-1112,234,p6Be7A30XMUg8FbN4dX7WH3yBSw=,YMfzENrNXDK2qpsCzttkROfNuig=
-1119,235,p6Be7A30XMUg8FbN4dX7WH3yBSw=,YMfzENrNXDK2qpsCzttkROfNuig=
-1109,224,p6Be7A30XMUg8FbN4dX7WH3yBSw=,YMfzENrNXDK2qpsCzttkROfNuig=
-1120,235,p6Be7A30XMUg8FbN4dX7WH3yBSw=,YMfzENrNXDK2qpsCzttkROfNuig=
-1110,234,p6Be7A30XMUg8FbN4dX7WH3yBSw=,YMfzENrNXDK2qpsCzttkROfNuig=
-1115,234,p6Be7A30XMUg8FbN4dX7WH3yBSw=,YMfzENrNXDK2qpsCzttkROfNuig=
-1114,234,p6Be7A30XMUg8FbN4dX7WH3yBSw=,YMfzENrNXDK2qpsCzttkROfNuig=
-1118,234,p6Be7A30XMUg8FbN4dX7WH3yBSw=,YMfzENrNXDK2qpsCzttkROfNuig=
-1119,234,p6Be7A30XMUg8FbN4dX7WH3yBSw=,YMfzENrNXDK2qpsCzttkROfNuig=
-1117,234,p6Be7A30XMUg8FbN4dX7WH3yBSw=,YMfzENrNXDK2qpsCzttkROfNuig=
-1108,233,p6Be7A30XMUg8FbN4dX7WH3yBSw=,YMfzENrNXDK2qpsCzttkROfNuig=
-1116,234,p6Be7A30XMUg8FbN4dX7WH3yBSw=,YMfzENrNXDK2qpsCzttkROfNuig=
-1108,224,p6Be7A30XMUg8FbN4dX7WH3yBSw=,YMfzENrNXDK2qpsCzttkROfNuig=
-1106,233,p6Be7A30XMUg8FbN4dX7WH3yBSw=,YMfzENrNXDK2qpsCzttkROfNuig=
-1107,233,p6Be7A30XMUg8FbN4dX7WH3yBSw=,YMfzENrNXDK2qpsCzttkROfNuig=
-1109,233,p6Be7A30XMUg8FbN4dX7WH3yBSw=,YMfzENrNXDK2qpsCzttkROfNuig=
-1110,233,p6Be7A30XMUg8FbN4dX7WH3yBSw=,YMfzENrNXDK2qpsCzttkROfNuig=
-1111,233,p6Be7A30XMUg8FbN4dX7WH3yBSw=,YMfzENrNXDK2qpsCzttkROfNuig=
-1113,233,p6Be7A30XMUg8FbN4dX7WH3yBSw=,YMfzENrNXDK2qpsCzttkROfNuig=
-1120,234,p6Be7A30XMUg8FbN4dX7WH3yBSw=,YMfzENrNXDK2qpsCzttkROfNuig=
-1105,233,p6Be7A30XMUg8FbN4dX7WH3yBSw=,YMfzENrNXDK2qpsCzttkROfNuig=
-1112,233,p6Be7A30XMUg8FbN4dX7WH3yBSw=,YMfzENrNXDK2qpsCzttkROfNuig=
-1114,233,p6Be7A30XMUg8FbN4dX7WH3yBSw=,YMfzENrNXDK2qpsCzttkROfNuig=
-1107,224,p6Be7A30XMUg8FbN4dX7WH3yBSw=,YMfzENrNXDK2qpsCzttkROfNuig=
-1117,233,p6Be7A30XMUg8FbN4dX7WH3yBSw=,YMfzENrNXDK2qpsCzttkROfNuig=
-1115,233,p6Be7A30XMUg8FbN4dX7WH3yBSw=,YMfzENrNXDK2qpsCzttkROfNuig=
-1116,233,p6Be7A30XMUg8FbN4dX7WH3yBSw=,YMfzENrNXDK2qpsCzttkROfNuig=
-1105,232,p6Be7A30XMUg8FbN4dX7WH3yBSw=,YMfzENrNXDK2qpsCzttkROfNuig=
-1119,233,p6Be7A30XMUg8FbN4dX7WH3yBSw=,YMfzENrNXDK2qpsCzttkROfNuig=
-1106,224,p6Be7A30XMUg8FbN4dX7WH3yBSw=,YMfzENrNXDK2qpsCzttkROfNuig=
-1120,233,p6Be7A30XMUg8FbN4dX7WH3yBSw=,YMfzENrNXDK2qpsCzttkROfNuig=
-1107,232,p6Be7A30XMUg8FbN4dX7WH3yBSw=,YMfzENrNXDK2qpsCzttkROfNuig=
-1118,233,p6Be7A30XMUg8FbN4dX7WH3yBSw=,YMfzENrNXDK2qpsCzttkROfNuig=
-1109,232,p6Be7A30XMUg8FbN4dX7WH3yBSw=,YMfzENrNXDK2qpsCzttkROfNuig=
-1106,232,p6Be7A30XMUg8FbN4dX7WH3yBSw=,YMfzENrNXDK2qpsCzttkROfNuig=
-1108,232,p6Be7A30XMUg8FbN4dX7WH3yBSw=,YMfzENrNXDK2qpsCzttkROfNuig=
-1110,232,p6Be7A30XMUg8FbN4dX7WH3yBSw=,YMfzENrNXDK2qpsCzttkROfNuig=
-1112,232,p6Be7A30XMUg8FbN4dX7WH3yBSw=,YMfzENrNXDK2qpsCzttkROfNuig=
-1111,232,p6Be7A30XMUg8FbN4dX7WH3yBSw=,YMfzENrNXDK2qpsCzttkROfNuig=
-1116,232,p6Be7A30XMUg8FbN4dX7WH3yBSw=,YMfzENrNXDK2qpsCzttkROfNuig=
-1114,232,p6Be7A30XMUg8FbN4dX7WH3yBSw=,YMfzENrNXDK2qpsCzttkROfNuig=
-1117,232,p6Be7A30XMUg8FbN4dX7WH3yBSw=,YMfzENrNXDK2qpsCzttkROfNuig=
-1113,232,p6Be7A30XMUg8FbN4dX7WH3yBSw=,YMfzENrNXDK2qpsCzttkROfNuig=
-1118,232,p6Be7A30XMUg8FbN4dX7WH3yBSw=,YMfzENrNXDK2qpsCzttkROfNuig=
-1115,232,p6Be7A30XMUg8FbN4dX7WH3yBSw=,YMfzENrNXDK2qpsCzttkROfNuig=
-1119,232,p6Be7A30XMUg8FbN4dX7WH3yBSw=,YMfzENrNXDK2qpsCzttkROfNuig=
-1105,224,p6Be7A30XMUg8FbN4dX7WH3yBSw=,YMfzENrNXDK2qpsCzttkROfNuig=
-1106,231,p6Be7A30XMUg8FbN4dX7WH3yBSw=,YMfzENrNXDK2qpsCzttkROfNuig=
-1107,231,p6Be7A30XMUg8FbN4dX7WH3yBSw=,YMfzENrNXDK2qpsCzttkROfNuig=
-1109,231,p6Be7A30XMUg8FbN4dX7WH3yBSw=,YMfzENrNXDK2qpsCzttkROfNuig=
-1114,231,p6Be7A30XMUg8FbN4dX7WH3yBSw=,YMfzENrNXDK2qpsCzttkROfNuig=
-1105,231,p6Be7A30XMUg8FbN4dX7WH3yBSw=,YMfzENrNXDK2qpsCzttkROfNuig=
-1120,232,p6Be7A30XMUg8FbN4dX7WH3yBSw=,YMfzENrNXDK2qpsCzttkROfNuig=
-1110,231,p6Be7A30XMUg8FbN4dX7WH3yBSw=,YMfzENrNXDK2qpsCzttkROfNuig=
-1111,231,p6Be7A30XMUg8FbN4dX7WH3yBSw=,YMfzENrNXDK2qpsCzttkROfNuig=
-1120,225,p6Be7A30XMUg8FbN4dX7WH3yBSw=,YMfzENrNXDK2qpsCzttkROfNuig=
-1112,231,p6Be7A30XMUg8FbN4dX7WH3yBSw=,YMfzENrNXDK2qpsCzttkROfNuig=
-1116,231,p6Be7A30XMUg8FbN4dX7WH3yBSw=,YMfzENrNXDK2qpsCzttkROfNuig=
-1113,231,p6Be7A30XMUg8FbN4dX7WH3yBSw=,YMfzENrNXDK2qpsCzttkROfNuig=
-1119,231,p6Be7A30XMUg8FbN4dX7WH3yBSw=,YMfzENrNXDK2qpsCzttkROfNuig=
-1105,230,p6Be7A30XMUg8FbN4dX7WH3yBSw=,YMfzENrNXDK2qpsCzttkROfNuig=
-1119,225,p6Be7A30XMUg8FbN4dX7WH3yBSw=,YMfzENrNXDK2qpsCzttkROfNuig=
-1120,231,p6Be7A30XMUg8FbN4dX7WH3yBSw=,YMfzENrNXDK2qpsCzttkROfNuig=
-1108,231,p6Be7A30XMUg8FbN4dX7WH3yBSw=,YMfzENrNXDK2qpsCzttkROfNuig=
-1118,231,p6Be7A30XMUg8FbN4dX7WH3yBSw=,YMfzENrNXDK2qpsCzttkROfNuig=
-1117,231,p6Be7A30XMUg8FbN4dX7WH3yBSw=,YMfzENrNXDK2qpsCzttkROfNuig=
-1114,230,p6Be7A30XMUg8FbN4dX7WH3yBSw=,YMfzENrNXDK2qpsCzttkROfNuig=
-1110,230,p6Be7A30XMUg8FbN4dX7WH3yBSw=,YMfzENrNXDK2qpsCzttkROfNuig=
-1116,230,p6Be7A30XMUg8FbN4dX7WH3yBSw=,YMfzENrNXDK2qpsCzttkROfNuig=
-1109,230,p6Be7A30XMUg8FbN4dX7WH3yBSw=,YMfzENrNXDK2qpsCzttkROfNuig=
-1106,230,p6Be7A30XMUg8FbN4dX7WH3yBSw=,YMfzENrNXDK2qpsCzttkROfNuig=
-1112,230,p6Be7A30XMUg8FbN4dX7WH3yBSw=,YMfzENrNXDK2qpsCzttkROfNuig=
-1108,230,p6Be7A30XMUg8FbN4dX7WH3yBSw=,YMfzENrNXDK2qpsCzttkROfNuig=
-1115,230,p6Be7A30XMUg8FbN4dX7WH3yBSw=,YMfzENrNXDK2qpsCzttkROfNuig=
-1119,230,p6Be7A30XMUg8FbN4dX7WH3yBSw=,YMfzENrNXDK2qpsCzttkROfNuig=
-1115,231,p6Be7A30XMUg8FbN4dX7WH3yBSw=,YMfzENrNXDK2qpsCzttkROfNuig=
-1105,229,p6Be7A30XMUg8FbN4dX7WH3yBSw=,YMfzENrNXDK2qpsCzttkROfNuig=
-1120,230,p6Be7A30XMUg8FbN4dX7WH3yBSw=,YMfzENrNXDK2qpsCzttkROfNuig=
-1107,230,p6Be7A30XMUg8FbN4dX7WH3yBSw=,YMfzENrNXDK2qpsCzttkROfNuig=
-1107,229,p6Be7A30XMUg8FbN4dX7WH3yBSw=,YMfzENrNXDK2qpsCzttkROfNuig=
-1117,230,p6Be7A30XMUg8FbN4dX7WH3yBSw=,YMfzENrNXDK2qpsCzttkROfNuig=
-1108,229,p6Be7A30XMUg8FbN4dX7WH3yBSw=,YMfzENrNXDK2qpsCzttkROfNuig=
-1106,229,p6Be7A30XMUg8FbN4dX7WH3yBSw=,YMfzENrNXDK2qpsCzttkROfNuig=
-1109,229,p6Be7A30XMUg8FbN4dX7WH3yBSw=,YMfzENrNXDK2qpsCzttkROfNuig=
-1118,230,p6Be7A30XMUg8FbN4dX7WH3yBSw=,YMfzENrNXDK2qpsCzttkROfNuig=
-1110,229,p6Be7A30XMUg8FbN4dX7WH3yBSw=,YMfzENrNXDK2qpsCzttkROfNuig=
-1113,229,p6Be7A30XMUg8FbN4dX7WH3yBSw=,YMfzENrNXDK2qpsCzttkROfNuig=
-1111,229,p6Be7A30XMUg8FbN4dX7WH3yBSw=,YMfzENrNXDK2qpsCzttkROfNuig=
-1112,229,p6Be7A30XMUg8FbN4dX7WH3yBSw=,YMfzENrNXDK2qpsCzttkROfNuig=
-1115,229,p6Be7A30XMUg8FbN4dX7WH3yBSw=,YMfzENrNXDK2qpsCzttkROfNuig=
-1116,229,p6Be7A30XMUg8FbN4dX7WH3yBSw=,YMfzENrNXDK2qpsCzttkROfNuig=
-1114,229,p6Be7A30XMUg8FbN4dX7WH3yBSw=,YMfzENrNXDK2qpsCzttkROfNuig=
-1118,229,p6Be7A30XMUg8FbN4dX7WH3yBSw=,YMfzENrNXDK2qpsCzttkROfNuig=
-1117,229,p6Be7A30XMUg8FbN4dX7WH3yBSw=,YMfzENrNXDK2qpsCzttkROfNuig=
-1107,228,p6Be7A30XMUg8FbN4dX7WH3yBSw=,YMfzENrNXDK2qpsCzttkROfNuig=
-1105,228,p6Be7A30XMUg8FbN4dX7WH3yBSw=,YMfzENrNXDK2qpsCzttkROfNuig=
-1120,229,p6Be7A30XMUg8FbN4dX7WH3yBSw=,YMfzENrNXDK2qpsCzttkROfNuig=
-1108,228,p6Be7A30XMUg8FbN4dX7WH3yBSw=,YMfzENrNXDK2qpsCzttkROfNuig=
-1119,229,p6Be7A30XMUg8FbN4dX7WH3yBSw=,YMfzENrNXDK2qpsCzttkROfNuig=
-1109,228,p6Be7A30XMUg8FbN4dX7WH3yBSw=,YMfzENrNXDK2qpsCzttkROfNuig=
-1110,228,p6Be7A30XMUg8FbN4dX7WH3yBSw=,YMfzENrNXDK2qpsCzttkROfNuig=
-1106,228,p6Be7A30XMUg8FbN4dX7WH3yBSw=,YMfzENrNXDK2qpsCzttkROfNuig=
-1111,228,p6Be7A30XMUg8FbN4dX7WH3yBSw=,YMfzENrNXDK2qpsCzttkROfNuig=
-1117,228,p6Be7A30XMUg8FbN4dX7WH3yBSw=,YMfzENrNXDK2qpsCzttkROfNuig=
-1114,228,p6Be7A30XMUg8FbN4dX7WH3yBSw=,YMfzENrNXDK2qpsCzttkROfNuig=
-1113,228,p6Be7A30XMUg8FbN4dX7WH3yBSw=,YMfzENrNXDK2qpsCzttkROfNuig=
-1112,228,p6Be7A30XMUg8FbN4dX7WH3yBSw=,YMfzENrNXDK2qpsCzttkROfNuig=
-1118,228,p6Be7A30XMUg8FbN4dX7WH3yBSw=,YMfzENrNXDK2qpsCzttkROfNuig=
-1116,228,p6Be7A30XMUg8FbN4dX7WH3yBSw=,YMfzENrNXDK2qpsCzttkROfNuig=
-1115,228,p6Be7A30XMUg8FbN4dX7WH3yBSw=,YMfzENrNXDK2qpsCzttkROfNuig=
-1120,228,p6Be7A30XMUg8FbN4dX7WH3yBSw=,YMfzENrNXDK2qpsCzttkROfNuig=
-1105,227,p6Be7A30XMUg8FbN4dX7WH3yBSw=,YMfzENrNXDK2qpsCzttkROfNuig=
-1107,227,p6Be7A30XMUg8FbN4dX7WH3yBSw=,YMfzENrNXDK2qpsCzttkROfNuig=
-1108,227,p6Be7A30XMUg8FbN4dX7WH3yBSw=,YMfzENrNXDK2qpsCzttkROfNuig=
-1106,227,p6Be7A30XMUg8FbN4dX7WH3yBSw=,YMfzENrNXDK2qpsCzttkROfNuig=
-1109,227,p6Be7A30XMUg8FbN4dX7WH3yBSw=,YMfzENrNXDK2qpsCzttkROfNuig=
-1119,228,p6Be7A30XMUg8FbN4dX7WH3yBSw=,YMfzENrNXDK2qpsCzttkROfNuig=
-1111,227,p6Be7A30XMUg8FbN4dX7WH3yBSw=,YMfzENrNXDK2qpsCzttkROfNuig=
-1112,227,p6Be7A30XMUg8FbN4dX7WH3yBSw=,YMfzENrNXDK2qpsCzttkROfNuig=
-1113,227,p6Be7A30XMUg8FbN4dX7WH3yBSw=,YMfzENrNXDK2qpsCzttkROfNuig=
-1115,227,p6Be7A30XMUg8FbN4dX7WH3yBSw=,YMfzENrNXDK2qpsCzttkROfNuig=
-1114,227,p6Be7A30XMUg8FbN4dX7WH3yBSw=,YMfzENrNXDK2qpsCzttkROfNuig=
-1106,226,p6Be7A30XMUg8FbN4dX7WH3yBSw=,YMfzENrNXDK2qpsCzttkROfNuig=
-1117,227,p6Be7A30XMUg8FbN4dX7WH3yBSw=,YMfzENrNXDK2qpsCzttkROfNuig=
-1105,226,p6Be7A30XMUg8FbN4dX7WH3yBSw=,YMfzENrNXDK2qpsCzttkROfNuig=
-1109,226,p6Be7A30XMUg8FbN4dX7WH3yBSw=,YMfzENrNXDK2qpsCzttkROfNuig=
-1120,227,p6Be7A30XMUg8FbN4dX7WH3yBSw=,YMfzENrNXDK2qpsCzttkROfNuig=
-1116,227,p6Be7A30XMUg8FbN4dX7WH3yBSw=,YMfzENrNXDK2qpsCzttkROfNuig=
-1119,227,p6Be7A30XMUg8FbN4dX7WH3yBSw=,YMfzENrNXDK2qpsCzttkROfNuig=
-1108,226,p6Be7A30XMUg8FbN4dX7WH3yBSw=,YMfzENrNXDK2qpsCzttkROfNuig=
-1110,227,p6Be7A30XMUg8FbN4dX7WH3yBSw=,YMfzENrNXDK2qpsCzttkROfNuig=
-1115,226,p6Be7A30XMUg8FbN4dX7WH3yBSw=,YMfzENrNXDK2qpsCzttkROfNuig=
-1118,227,p6Be7A30XMUg8FbN4dX7WH3yBSw=,YMfzENrNXDK2qpsCzttkROfNuig=
-1114,226,p6Be7A30XMUg8FbN4dX7WH3yBSw=,YMfzENrNXDK2qpsCzttkROfNuig=
-1111,226,p6Be7A30XMUg8FbN4dX7WH3yBSw=,YMfzENrNXDK2qpsCzttkROfNuig=
-1113,226,p6Be7A30XMUg8FbN4dX7WH3yBSw=,YMfzENrNXDK2qpsCzttkROfNuig=
-1107,226,p6Be7A30XMUg8FbN4dX7WH3yBSw=,YMfzENrNXDK2qpsCzttkROfNuig=
-1116,226,p6Be7A30XMUg8FbN4dX7WH3yBSw=,YMfzENrNXDK2qpsCzttkROfNuig=
-1119,226,p6Be7A30XMUg8FbN4dX7WH3yBSw=,YMfzENrNXDK2qpsCzttkROfNuig=
-1112,226,p6Be7A30XMUg8FbN4dX7WH3yBSw=,YMfzENrNXDK2qpsCzttkROfNuig=
-1110,226,p6Be7A30XMUg8FbN4dX7WH3yBSw=,YMfzENrNXDK2qpsCzttkROfNuig=
-1117,226,p6Be7A30XMUg8FbN4dX7WH3yBSw=,YMfzENrNXDK2qpsCzttkROfNuig=
-1118,226,p6Be7A30XMUg8FbN4dX7WH3yBSw=,YMfzENrNXDK2qpsCzttkROfNuig=
-1120,226,p6Be7A30XMUg8FbN4dX7WH3yBSw=,YMfzENrNXDK2qpsCzttkROfNuig=
-1107,225,p6Be7A30XMUg8FbN4dX7WH3yBSw=,YMfzENrNXDK2qpsCzttkROfNuig=
-1116,225,p6Be7A30XMUg8FbN4dX7WH3yBSw=,YMfzENrNXDK2qpsCzttkROfNuig=
-1106,225,p6Be7A30XMUg8FbN4dX7WH3yBSw=,YMfzENrNXDK2qpsCzttkROfNuig=
-1109,225,p6Be7A30XMUg8FbN4dX7WH3yBSw=,YMfzENrNXDK2qpsCzttkROfNuig=
-1110,225,p6Be7A30XMUg8FbN4dX7WH3yBSw=,YMfzENrNXDK2qpsCzttkROfNuig=
-1117,225,p6Be7A30XMUg8FbN4dX7WH3yBSw=,YMfzENrNXDK2qpsCzttkROfNuig=
-1114,225,p6Be7A30XMUg8FbN4dX7WH3yBSw=,YMfzENrNXDK2qpsCzttkROfNuig=
-1111,230,p6Be7A30XMUg8FbN4dX7WH3yBSw=,YMfzENrNXDK2qpsCzttkROfNuig=
-1111,225,p6Be7A30XMUg8FbN4dX7WH3yBSw=,YMfzENrNXDK2qpsCzttkROfNuig=
-1112,225,p6Be7A30XMUg8FbN4dX7WH3yBSw=,YMfzENrNXDK2qpsCzttkROfNuig=
-1113,225,p6Be7A30XMUg8FbN4dX7WH3yBSw=,YMfzENrNXDK2qpsCzttkROfNuig=
-1105,225,p6Be7A30XMUg8FbN4dX7WH3yBSw=,YMfzENrNXDK2qpsCzttkROfNuig=
-1113,230,p6Be7A30XMUg8FbN4dX7WH3yBSw=,YMfzENrNXDK2qpsCzttkROfNuig=
-1108,225,p6Be7A30XMUg8FbN4dX7WH3yBSw=,YMfzENrNXDK2qpsCzttkROfNuig=
-1118,225,p6Be7A30XMUg8FbN4dX7WH3yBSw=,YMfzENrNXDK2qpsCzttkROfNuig=
-1115,225,p6Be7A30XMUg8FbN4dX7WH3yBSw=,YMfzENrNXDK2qpsCzttkROfNuig=
-1102,224,BS4WJNPJE/o0VyvCd3GuSA9Z/4U=,YMfzENrNXDK2qpsCzttkROfNuig=
-1101,224,BS4WJNPJE/o0VyvCd3GuSA9Z/4U=,YMfzENrNXDK2qpsCzttkROfNuig=
-1100,224,BS4WJNPJE/o0VyvCd3GuSA9Z/4U=,YMfzENrNXDK2qpsCzttkROfNuig=
-1099,224,BS4WJNPJE/o0VyvCd3GuSA9Z/4U=,YMfzENrNXDK2qpsCzttkROfNuig=
-1103,224,BS4WJNPJE/o0VyvCd3GuSA9Z/4U=,YMfzENrNXDK2qpsCzttkROfNuig=
-1098,224,BS4WJNPJE/o0VyvCd3GuSA9Z/4U=,YMfzENrNXDK2qpsCzttkROfNuig=
-1104,224,BS4WJNPJE/o0VyvCd3GuSA9Z/4U=,YMfzENrNXDK2qpsCzttkROfNuig=
-1090,239,BS4WJNPJE/o0VyvCd3GuSA9Z/4U=,YMfzENrNXDK2qpsCzttkROfNuig=
-1089,239,BS4WJNPJE/o0VyvCd3GuSA9Z/4U=,YMfzENrNXDK2qpsCzttkROfNuig=
-1096,224,BS4WJNPJE/o0VyvCd3GuSA9Z/4U=,YMfzENrNXDK2qpsCzttkROfNuig=
-1091,239,BS4WJNPJE/o0VyvCd3GuSA9Z/4U=,YMfzENrNXDK2qpsCzttkROfNuig=
-1093,239,BS4WJNPJE/o0VyvCd3GuSA9Z/4U=,YMfzENrNXDK2qpsCzttkROfNuig=
-1097,224,BS4WJNPJE/o0VyvCd3GuSA9Z/4U=,YMfzENrNXDK2qpsCzttkROfNuig=
-1095,224,BS4WJNPJE/o0VyvCd3GuSA9Z/4U=,YMfzENrNXDK2qpsCzttkROfNuig=
-1092,239,BS4WJNPJE/o0VyvCd3GuSA9Z/4U=,YMfzENrNXDK2qpsCzttkROfNuig=
-1095,239,BS4WJNPJE/o0VyvCd3GuSA9Z/4U=,YMfzENrNXDK2qpsCzttkROfNuig=
-1094,239,BS4WJNPJE/o0VyvCd3GuSA9Z/4U=,YMfzENrNXDK2qpsCzttkROfNuig=
-1097,239,BS4WJNPJE/o0VyvCd3GuSA9Z/4U=,YMfzENrNXDK2qpsCzttkROfNuig=
-1094,224,BS4WJNPJE/o0VyvCd3GuSA9Z/4U=,YMfzENrNXDK2qpsCzttkROfNuig=
-1098,239,BS4WJNPJE/o0VyvCd3GuSA9Z/4U=,YMfzENrNXDK2qpsCzttkROfNuig=
-1096,239,BS4WJNPJE/o0VyvCd3GuSA9Z/4U=,YMfzENrNXDK2qpsCzttkROfNuig=
-1093,224,BS4WJNPJE/o0VyvCd3GuSA9Z/4U=,YMfzENrNXDK2qpsCzttkROfNuig=
-1100,239,BS4WJNPJE/o0VyvCd3GuSA9Z/4U=,YMfzENrNXDK2qpsCzttkROfNuig=
-1099,239,BS4WJNPJE/o0VyvCd3GuSA9Z/4U=,YMfzENrNXDK2qpsCzttkROfNuig=
-1102,239,BS4WJNPJE/o0VyvCd3GuSA9Z/4U=,YMfzENrNXDK2qpsCzttkROfNuig=
-1092,224,BS4WJNPJE/o0VyvCd3GuSA9Z/4U=,YMfzENrNXDK2qpsCzttkROfNuig=
-1101,239,BS4WJNPJE/o0VyvCd3GuSA9Z/4U=,YMfzENrNXDK2qpsCzttkROfNuig=
-1091,224,BS4WJNPJE/o0VyvCd3GuSA9Z/4U=,YMfzENrNXDK2qpsCzttkROfNuig=
-1104,239,BS4WJNPJE/o0VyvCd3GuSA9Z/4U=,YMfzENrNXDK2qpsCzttkROfNuig=
-1089,238,BS4WJNPJE/o0VyvCd3GuSA9Z/4U=,YMfzENrNXDK2qpsCzttkROfNuig=
-1103,239,BS4WJNPJE/o0VyvCd3GuSA9Z/4U=,YMfzENrNXDK2qpsCzttkROfNuig=
-1090,224,BS4WJNPJE/o0VyvCd3GuSA9Z/4U=,YMfzENrNXDK2qpsCzttkROfNuig=
-1090,238,BS4WJNPJE/o0VyvCd3GuSA9Z/4U=,YMfzENrNXDK2qpsCzttkROfNuig=
-1093,238,BS4WJNPJE/o0VyvCd3GuSA9Z/4U=,YMfzENrNXDK2qpsCzttkROfNuig=
-1095,238,BS4WJNPJE/o0VyvCd3GuSA9Z/4U=,YMfzENrNXDK2qpsCzttkROfNuig=
-1089,224,BS4WJNPJE/o0VyvCd3GuSA9Z/4U=,YMfzENrNXDK2qpsCzttkROfNuig=
-1104,225,BS4WJNPJE/o0VyvCd3GuSA9Z/4U=,YMfzENrNXDK2qpsCzttkROfNuig=
-1091,238,BS4WJNPJE/o0VyvCd3GuSA9Z/4U=,YMfzENrNXDK2qpsCzttkROfNuig=
-1097,238,BS4WJNPJE/o0VyvCd3GuSA9Z/4U=,YMfzENrNXDK2qpsCzttkROfNuig=
-1096,238,BS4WJNPJE/o0VyvCd3GuSA9Z/4U=,YMfzENrNXDK2qpsCzttkROfNuig=
-1098,238,BS4WJNPJE/o0VyvCd3GuSA9Z/4U=,YMfzENrNXDK2qpsCzttkROfNuig=
-1103,225,BS4WJNPJE/o0VyvCd3GuSA9Z/4U=,YMfzENrNXDK2qpsCzttkROfNuig=
-1099,238,BS4WJNPJE/o0VyvCd3GuSA9Z/4U=,YMfzENrNXDK2qpsCzttkROfNuig=
-1094,238,BS4WJNPJE/o0VyvCd3GuSA9Z/4U=,YMfzENrNXDK2qpsCzttkROfNuig=
-1092,238,BS4WJNPJE/o0VyvCd3GuSA9Z/4U=,YMfzENrNXDK2qpsCzttkROfNuig=
-1100,238,BS4WJNPJE/o0VyvCd3GuSA9Z/4U=,YMfzENrNXDK2qpsCzttkROfNuig=
-1102,238,BS4WJNPJE/o0VyvCd3GuSA9Z/4U=,YMfzENrNXDK2qpsCzttkROfNuig=
-1102,225,BS4WJNPJE/o0VyvCd3GuSA9Z/4U=,YMfzENrNXDK2qpsCzttkROfNuig=
-1101,238,BS4WJNPJE/o0VyvCd3GuSA9Z/4U=,YMfzENrNXDK2qpsCzttkROfNuig=
-1090,237,BS4WJNPJE/o0VyvCd3GuSA9Z/4U=,YMfzENrNXDK2qpsCzttkROfNuig=
-1104,238,BS4WJNPJE/o0VyvCd3GuSA9Z/4U=,YMfzENrNXDK2qpsCzttkROfNuig=
-1089,237,BS4WJNPJE/o0VyvCd3GuSA9Z/4U=,YMfzENrNXDK2qpsCzttkROfNuig=
-1091,237,BS4WJNPJE/o0VyvCd3GuSA9Z/4U=,YMfzENrNXDK2qpsCzttkROfNuig=
-1101,225,BS4WJNPJE/o0VyvCd3GuSA9Z/4U=,YMfzENrNXDK2qpsCzttkROfNuig=
-1092,237,BS4WJNPJE/o0VyvCd3GuSA9Z/4U=,YMfzENrNXDK2qpsCzttkROfNuig=
-1100,225,BS4WJNPJE/o0VyvCd3GuSA9Z/4U=,YMfzENrNXDK2qpsCzttkROfNuig=
-1093,237,BS4WJNPJE/o0VyvCd3GuSA9Z/4U=,YMfzENrNXDK2qpsCzttkROfNuig=
-1094,237,BS4WJNPJE/o0VyvCd3GuSA9Z/4U=,YMfzENrNXDK2qpsCzttkROfNuig=
-1095,237,BS4WJNPJE/o0VyvCd3GuSA9Z/4U=,YMfzENrNXDK2qpsCzttkROfNuig=
-1103,238,BS4WJNPJE/o0VyvCd3GuSA9Z/4U=,YMfzENrNXDK2qpsCzttkROfNuig=
-1099,225,BS4WJNPJE/o0VyvCd3GuSA9Z/4U=,YMfzENrNXDK2qpsCzttkROfNuig=
-1096,237,BS4WJNPJE/o0VyvCd3GuSA9Z/4U=,YMfzENrNXDK2qpsCzttkROfNuig=
-1098,237,BS4WJNPJE/o0VyvCd3GuSA9Z/4U=,YMfzENrNXDK2qpsCzttkROfNuig=
-1097,237,BS4WJNPJE/o0VyvCd3GuSA9Z/4U=,YMfzENrNXDK2qpsCzttkROfNuig=
-1101,237,BS4WJNPJE/o0VyvCd3GuSA9Z/4U=,YMfzENrNXDK2qpsCzttkROfNuig=
-1098,225,BS4WJNPJE/o0VyvCd3GuSA9Z/4U=,YMfzENrNXDK2qpsCzttkROfNuig=
-1099,237,BS4WJNPJE/o0VyvCd3GuSA9Z/4U=,YMfzENrNXDK2qpsCzttkROfNuig=
-1103,237,BS4WJNPJE/o0VyvCd3GuSA9Z/4U=,YMfzENrNXDK2qpsCzttkROfNuig=
-1100,237,BS4WJNPJE/o0VyvCd3GuSA9Z/4U=,YMfzENrNXDK2qpsCzttkROfNuig=
-1089,236,BS4WJNPJE/o0VyvCd3GuSA9Z/4U=,YMfzENrNXDK2qpsCzttkROfNuig=
-1097,225,BS4WJNPJE/o0VyvCd3GuSA9Z/4U=,YMfzENrNXDK2qpsCzttkROfNuig=
-1102,237,BS4WJNPJE/o0VyvCd3GuSA9Z/4U=,YMfzENrNXDK2qpsCzttkROfNuig=
-1104,237,BS4WJNPJE/o0VyvCd3GuSA9Z/4U=,YMfzENrNXDK2qpsCzttkROfNuig=
-1090,236,BS4WJNPJE/o0VyvCd3GuSA9Z/4U=,YMfzENrNXDK2qpsCzttkROfNuig=
-1096,225,BS4WJNPJE/o0VyvCd3GuSA9Z/4U=,YMfzENrNXDK2qpsCzttkROfNuig=
-1091,236,BS4WJNPJE/o0VyvCd3GuSA9Z/4U=,YMfzENrNXDK2qpsCzttkROfNuig=
-1093,236,BS4WJNPJE/o0VyvCd3GuSA9Z/4U=,YMfzENrNXDK2qpsCzttkROfNuig=
-1095,225,BS4WJNPJE/o0VyvCd3GuSA9Z/4U=,YMfzENrNXDK2qpsCzttkROfNuig=
-1094,236,BS4WJNPJE/o0VyvCd3GuSA9Z/4U=,YMfzENrNXDK2qpsCzttkROfNuig=
-1092,236,BS4WJNPJE/o0VyvCd3GuSA9Z/4U=,YMfzENrNXDK2qpsCzttkROfNuig=
-1096,236,BS4WJNPJE/o0VyvCd3GuSA9Z/4U=,YMfzENrNXDK2qpsCzttkROfNuig=
-1095,236,BS4WJNPJE/o0VyvCd3GuSA9Z/4U=,YMfzENrNXDK2qpsCzttkROfNuig=
-1099,236,BS4WJNPJE/o0VyvCd3GuSA9Z/4U=,YMfzENrNXDK2qpsCzttkROfNuig=
-1097,236,BS4WJNPJE/o0VyvCd3GuSA9Z/4U=,YMfzENrNXDK2qpsCzttkROfNuig=
-1100,236,BS4WJNPJE/o0VyvCd3GuSA9Z/4U=,YMfzENrNXDK2qpsCzttkROfNuig=
-1094,225,BS4WJNPJE/o0VyvCd3GuSA9Z/4U=,YMfzENrNXDK2qpsCzttkROfNuig=
-1101,236,BS4WJNPJE/o0VyvCd3GuSA9Z/4U=,YMfzENrNXDK2qpsCzttkROfNuig=
-1102,236,BS4WJNPJE/o0VyvCd3GuSA9Z/4U=,YMfzENrNXDK2qpsCzttkROfNuig=
-1093,225,BS4WJNPJE/o0VyvCd3GuSA9Z/4U=,YMfzENrNXDK2qpsCzttkROfNuig=
-1103,236,BS4WJNPJE/o0VyvCd3GuSA9Z/4U=,YMfzENrNXDK2qpsCzttkROfNuig=
-1104,236,BS4WJNPJE/o0VyvCd3GuSA9Z/4U=,YMfzENrNXDK2qpsCzttkROfNuig=
-1090,235,BS4WJNPJE/o0VyvCd3GuSA9Z/4U=,YMfzENrNXDK2qpsCzttkROfNuig=
-1098,236,BS4WJNPJE/o0VyvCd3GuSA9Z/4U=,YMfzENrNXDK2qpsCzttkROfNuig=
-1089,235,BS4WJNPJE/o0VyvCd3GuSA9Z/4U=,YMfzENrNXDK2qpsCzttkROfNuig=
-1092,225,BS4WJNPJE/o0VyvCd3GuSA9Z/4U=,YMfzENrNXDK2qpsCzttkROfNuig=
-1092,235,BS4WJNPJE/o0VyvCd3GuSA9Z/4U=,YMfzENrNXDK2qpsCzttkROfNuig=
-1091,235,BS4WJNPJE/o0VyvCd3GuSA9Z/4U=,YMfzENrNXDK2qpsCzttkROfNuig=
-1093,235,BS4WJNPJE/o0VyvCd3GuSA9Z/4U=,YMfzENrNXDK2qpsCzttkROfNuig=
-1096,235,BS4WJNPJE/o0VyvCd3GuSA9Z/4U=,YMfzENrNXDK2qpsCzttkROfNuig=
-1094,235,BS4WJNPJE/o0VyvCd3GuSA9Z/4U=,YMfzENrNXDK2qpsCzttkROfNuig=
-1095,235,BS4WJNPJE/o0VyvCd3GuSA9Z/4U=,YMfzENrNXDK2qpsCzttkROfNuig=
-1098,235,BS4WJNPJE/o0VyvCd3GuSA9Z/4U=,YMfzENrNXDK2qpsCzttkROfNuig=
-1097,235,BS4WJNPJE/o0VyvCd3GuSA9Z/4U=,YMfzENrNXDK2qpsCzttkROfNuig=
-1100,235,BS4WJNPJE/o0VyvCd3GuSA9Z/4U=,YMfzENrNXDK2qpsCzttkROfNuig=
-1091,225,BS4WJNPJE/o0VyvCd3GuSA9Z/4U=,YMfzENrNXDK2qpsCzttkROfNuig=
-1099,235,BS4WJNPJE/o0VyvCd3GuSA9Z/4U=,YMfzENrNXDK2qpsCzttkROfNuig=
-1101,235,BS4WJNPJE/o0VyvCd3GuSA9Z/4U=,YMfzENrNXDK2qpsCzttkROfNuig=
-1102,235,BS4WJNPJE/o0VyvCd3GuSA9Z/4U=,YMfzENrNXDK2qpsCzttkROfNuig=
-1090,225,BS4WJNPJE/o0VyvCd3GuSA9Z/4U=,YMfzENrNXDK2qpsCzttkROfNuig=
-1103,235,BS4WJNPJE/o0VyvCd3GuSA9Z/4U=,YMfzENrNXDK2qpsCzttkROfNuig=
-1104,235,BS4WJNPJE/o0VyvCd3GuSA9Z/4U=,YMfzENrNXDK2qpsCzttkROfNuig=
-1089,234,BS4WJNPJE/o0VyvCd3GuSA9Z/4U=,YMfzENrNXDK2qpsCzttkROfNuig=
-1089,225,BS4WJNPJE/o0VyvCd3GuSA9Z/4U=,YMfzENrNXDK2qpsCzttkROfNuig=
-1092,234,BS4WJNPJE/o0VyvCd3GuSA9Z/4U=,YMfzENrNXDK2qpsCzttkROfNuig=
-1090,234,BS4WJNPJE/o0VyvCd3GuSA9Z/4U=,YMfzENrNXDK2qpsCzttkROfNuig=
-1091,234,BS4WJNPJE/o0VyvCd3GuSA9Z/4U=,YMfzENrNXDK2qpsCzttkROfNuig=
-1094,234,BS4WJNPJE/o0VyvCd3GuSA9Z/4U=,YMfzENrNXDK2qpsCzttkROfNuig=
-1104,226,BS4WJNPJE/o0VyvCd3GuSA9Z/4U=,YMfzENrNXDK2qpsCzttkROfNuig=
-1097,234,BS4WJNPJE/o0VyvCd3GuSA9Z/4U=,YMfzENrNXDK2qpsCzttkROfNuig=
-1093,234,BS4WJNPJE/o0VyvCd3GuSA9Z/4U=,YMfzENrNXDK2qpsCzttkROfNuig=
-1098,234,BS4WJNPJE/o0VyvCd3GuSA9Z/4U=,YMfzENrNXDK2qpsCzttkROfNuig=
-1102,234,BS4WJNPJE/o0VyvCd3GuSA9Z/4U=,YMfzENrNXDK2qpsCzttkROfNuig=
-1100,234,BS4WJNPJE/o0VyvCd3GuSA9Z/4U=,YMfzENrNXDK2qpsCzttkROfNuig=
-1101,234,BS4WJNPJE/o0VyvCd3GuSA9Z/4U=,YMfzENrNXDK2qpsCzttkROfNuig=
-1103,226,BS4WJNPJE/o0VyvCd3GuSA9Z/4U=,YMfzENrNXDK2qpsCzttkROfNuig=
-1099,234,BS4WJNPJE/o0VyvCd3GuSA9Z/4U=,YMfzENrNXDK2qpsCzttkROfNuig=
-1095,234,BS4WJNPJE/o0VyvCd3GuSA9Z/4U=,YMfzENrNXDK2qpsCzttkROfNuig=
-1103,234,BS4WJNPJE/o0VyvCd3GuSA9Z/4U=,YMfzENrNXDK2qpsCzttkROfNuig=
-1096,234,BS4WJNPJE/o0VyvCd3GuSA9Z/4U=,YMfzENrNXDK2qpsCzttkROfNuig=
-1089,233,BS4WJNPJE/o0VyvCd3GuSA9Z/4U=,YMfzENrNXDK2qpsCzttkROfNuig=
-1090,233,BS4WJNPJE/o0VyvCd3GuSA9Z/4U=,YMfzENrNXDK2qpsCzttkROfNuig=
-1091,233,BS4WJNPJE/o0VyvCd3GuSA9Z/4U=,YMfzENrNXDK2qpsCzttkROfNuig=
-1092,233,BS4WJNPJE/o0VyvCd3GuSA9Z/4U=,YMfzENrNXDK2qpsCzttkROfNuig=
-1104,234,BS4WJNPJE/o0VyvCd3GuSA9Z/4U=,YMfzENrNXDK2qpsCzttkROfNuig=
-1093,233,BS4WJNPJE/o0VyvCd3GuSA9Z/4U=,YMfzENrNXDK2qpsCzttkROfNuig=
-1102,226,BS4WJNPJE/o0VyvCd3GuSA9Z/4U=,YMfzENrNXDK2qpsCzttkROfNuig=
-1095,233,BS4WJNPJE/o0VyvCd3GuSA9Z/4U=,YMfzENrNXDK2qpsCzttkROfNuig=
-1096,233,BS4WJNPJE/o0VyvCd3GuSA9Z/4U=,YMfzENrNXDK2qpsCzttkROfNuig=
-1097,233,BS4WJNPJE/o0VyvCd3GuSA9Z/4U=,YMfzENrNXDK2qpsCzttkROfNuig=
-1098,233,BS4WJNPJE/o0VyvCd3GuSA9Z/4U=,YMfzENrNXDK2qpsCzttkROfNuig=
-1099,233,BS4WJNPJE/o0VyvCd3GuSA9Z/4U=,YMfzENrNXDK2qpsCzttkROfNuig=
-1101,226,BS4WJNPJE/o0VyvCd3GuSA9Z/4U=,YMfzENrNXDK2qpsCzttkROfNuig=
-1094,233,BS4WJNPJE/o0VyvCd3GuSA9Z/4U=,YMfzENrNXDK2qpsCzttkROfNuig=
-1103,233,BS4WJNPJE/o0VyvCd3GuSA9Z/4U=,YMfzENrNXDK2qpsCzttkROfNuig=
-1101,233,BS4WJNPJE/o0VyvCd3GuSA9Z/4U=,YMfzENrNXDK2qpsCzttkROfNuig=
-1089,232,BS4WJNPJE/o0VyvCd3GuSA9Z/4U=,YMfzENrNXDK2qpsCzttkROfNuig=
-1100,233,BS4WJNPJE/o0VyvCd3GuSA9Z/4U=,YMfzENrNXDK2qpsCzttkROfNuig=
-1104,233,BS4WJNPJE/o0VyvCd3GuSA9Z/4U=,YMfzENrNXDK2qpsCzttkROfNuig=
-1102,233,BS4WJNPJE/o0VyvCd3GuSA9Z/4U=,YMfzENrNXDK2qpsCzttkROfNuig=
-1100,226,BS4WJNPJE/o0VyvCd3GuSA9Z/4U=,YMfzENrNXDK2qpsCzttkROfNuig=
-1096,232,BS4WJNPJE/o0VyvCd3GuSA9Z/4U=,YMfzENrNXDK2qpsCzttkROfNuig=
-1091,232,BS4WJNPJE/o0VyvCd3GuSA9Z/4U=,YMfzENrNXDK2qpsCzttkROfNuig=
-1099,232,BS4WJNPJE/o0VyvCd3GuSA9Z/4U=,YMfzENrNXDK2qpsCzttkROfNuig=
-1097,232,BS4WJNPJE/o0VyvCd3GuSA9Z/4U=,YMfzENrNXDK2qpsCzttkROfNuig=
-1098,232,BS4WJNPJE/o0VyvCd3GuSA9Z/4U=,YMfzENrNXDK2qpsCzttkROfNuig=
-1094,232,BS4WJNPJE/o0VyvCd3GuSA9Z/4U=,YMfzENrNXDK2qpsCzttkROfNuig=
-1092,232,BS4WJNPJE/o0VyvCd3GuSA9Z/4U=,YMfzENrNXDK2qpsCzttkROfNuig=
-1093,232,BS4WJNPJE/o0VyvCd3GuSA9Z/4U=,YMfzENrNXDK2qpsCzttkROfNuig=
-1095,232,BS4WJNPJE/o0VyvCd3GuSA9Z/4U=,YMfzENrNXDK2qpsCzttkROfNuig=
-1100,232,BS4WJNPJE/o0VyvCd3GuSA9Z/4U=,YMfzENrNXDK2qpsCzttkROfNuig=
-1090,232,BS4WJNPJE/o0VyvCd3GuSA9Z/4U=,YMfzENrNXDK2qpsCzttkROfNuig=
-1099,226,BS4WJNPJE/o0VyvCd3GuSA9Z/4U=,YMfzENrNXDK2qpsCzttkROfNuig=
-1102,232,BS4WJNPJE/o0VyvCd3GuSA9Z/4U=,YMfzENrNXDK2qpsCzttkROfNuig=
-1101,232,BS4WJNPJE/o0VyvCd3GuSA9Z/4U=,YMfzENrNXDK2qpsCzttkROfNuig=
-1104,232,BS4WJNPJE/o0VyvCd3GuSA9Z/4U=,YMfzENrNXDK2qpsCzttkROfNuig=
-1094,231,BS4WJNPJE/o0VyvCd3GuSA9Z/4U=,YMfzENrNXDK2qpsCzttkROfNuig=
-1089,231,BS4WJNPJE/o0VyvCd3GuSA9Z/4U=,YMfzENrNXDK2qpsCzttkROfNuig=
-1092,231,BS4WJNPJE/o0VyvCd3GuSA9Z/4U=,YMfzENrNXDK2qpsCzttkROfNuig=
-1096,231,BS4WJNPJE/o0VyvCd3GuSA9Z/4U=,YMfzENrNXDK2qpsCzttkROfNuig=
-1098,226,BS4WJNPJE/o0VyvCd3GuSA9Z/4U=,YMfzENrNXDK2qpsCzttkROfNuig=
-1091,231,BS4WJNPJE/o0VyvCd3GuSA9Z/4U=,YMfzENrNXDK2qpsCzttkROfNuig=
-1090,231,BS4WJNPJE/o0VyvCd3GuSA9Z/4U=,YMfzENrNXDK2qpsCzttkROfNuig=
-1100,231,BS4WJNPJE/o0VyvCd3GuSA9Z/4U=,YMfzENrNXDK2qpsCzttkROfNuig=
-1103,232,BS4WJNPJE/o0VyvCd3GuSA9Z/4U=,YMfzENrNXDK2qpsCzttkROfNuig=
-1097,231,BS4WJNPJE/o0VyvCd3GuSA9Z/4U=,YMfzENrNXDK2qpsCzttkROfNuig=
-1098,231,BS4WJNPJE/o0VyvCd3GuSA9Z/4U=,YMfzENrNXDK2qpsCzttkROfNuig=
-1099,231,BS4WJNPJE/o0VyvCd3GuSA9Z/4U=,YMfzENrNXDK2qpsCzttkROfNuig=
-1102,231,BS4WJNPJE/o0VyvCd3GuSA9Z/4U=,YMfzENrNXDK2qpsCzttkROfNuig=
-1104,231,BS4WJNPJE/o0VyvCd3GuSA9Z/4U=,YMfzENrNXDK2qpsCzttkROfNuig=
-1089,230,BS4WJNPJE/o0VyvCd3GuSA9Z/4U=,YMfzENrNXDK2qpsCzttkROfNuig=
-1095,231,BS4WJNPJE/o0VyvCd3GuSA9Z/4U=,YMfzENrNXDK2qpsCzttkROfNuig=
-1093,231,BS4WJNPJE/o0VyvCd3GuSA9Z/4U=,YMfzENrNXDK2qpsCzttkROfNuig=
-1101,231,BS4WJNPJE/o0VyvCd3GuSA9Z/4U=,YMfzENrNXDK2qpsCzttkROfNuig=
-1103,231,BS4WJNPJE/o0VyvCd3GuSA9Z/4U=,YMfzENrNXDK2qpsCzttkROfNuig=
-1090,230,BS4WJNPJE/o0VyvCd3GuSA9Z/4U=,YMfzENrNXDK2qpsCzttkROfNuig=
-1093,230,BS4WJNPJE/o0VyvCd3GuSA9Z/4U=,YMfzENrNXDK2qpsCzttkROfNuig=
-1097,226,BS4WJNPJE/o0VyvCd3GuSA9Z/4U=,YMfzENrNXDK2qpsCzttkROfNuig=
-1092,230,BS4WJNPJE/o0VyvCd3GuSA9Z/4U=,YMfzENrNXDK2qpsCzttkROfNuig=
-1100,230,BS4WJNPJE/o0VyvCd3GuSA9Z/4U=,YMfzENrNXDK2qpsCzttkROfNuig=
-1091,230,BS4WJNPJE/o0VyvCd3GuSA9Z/4U=,YMfzENrNXDK2qpsCzttkROfNuig=
-1094,230,BS4WJNPJE/o0VyvCd3GuSA9Z/4U=,YMfzENrNXDK2qpsCzttkROfNuig=
-1097,230,BS4WJNPJE/o0VyvCd3GuSA9Z/4U=,YMfzENrNXDK2qpsCzttkROfNuig=
-1102,230,BS4WJNPJE/o0VyvCd3GuSA9Z/4U=,YMfzENrNXDK2qpsCzttkROfNuig=
-1098,230,BS4WJNPJE/o0VyvCd3GuSA9Z/4U=,YMfzENrNXDK2qpsCzttkROfNuig=
-1095,230,BS4WJNPJE/o0VyvCd3GuSA9Z/4U=,YMfzENrNXDK2qpsCzttkROfNuig=
-1104,230,BS4WJNPJE/o0VyvCd3GuSA9Z/4U=,YMfzENrNXDK2qpsCzttkROfNuig=
-1089,229,BS4WJNPJE/o0VyvCd3GuSA9Z/4U=,YMfzENrNXDK2qpsCzttkROfNuig=
-1092,229,BS4WJNPJE/o0VyvCd3GuSA9Z/4U=,YMfzENrNXDK2qpsCzttkROfNuig=
-1103,230,BS4WJNPJE/o0VyvCd3GuSA9Z/4U=,YMfzENrNXDK2qpsCzttkROfNuig=
-1095,229,BS4WJNPJE/o0VyvCd3GuSA9Z/4U=,YMfzENrNXDK2qpsCzttkROfNuig=
-1094,229,BS4WJNPJE/o0VyvCd3GuSA9Z/4U=,YMfzENrNXDK2qpsCzttkROfNuig=
-1096,229,BS4WJNPJE/o0VyvCd3GuSA9Z/4U=,YMfzENrNXDK2qpsCzttkROfNuig=
-1097,229,BS4WJNPJE/o0VyvCd3GuSA9Z/4U=,YMfzENrNXDK2qpsCzttkROfNuig=
-1099,229,BS4WJNPJE/o0VyvCd3GuSA9Z/4U=,YMfzENrNXDK2qpsCzttkROfNuig=
-1100,229,BS4WJNPJE/o0VyvCd3GuSA9Z/4U=,YMfzENrNXDK2qpsCzttkROfNuig=
-1102,229,BS4WJNPJE/o0VyvCd3GuSA9Z/4U=,YMfzENrNXDK2qpsCzttkROfNuig=
-1099,230,BS4WJNPJE/o0VyvCd3GuSA9Z/4U=,YMfzENrNXDK2qpsCzttkROfNuig=
-1096,230,BS4WJNPJE/o0VyvCd3GuSA9Z/4U=,YMfzENrNXDK2qpsCzttkROfNuig=
-1091,229,BS4WJNPJE/o0VyvCd3GuSA9Z/4U=,YMfzENrNXDK2qpsCzttkROfNuig=
-1096,226,BS4WJNPJE/o0VyvCd3GuSA9Z/4U=,YMfzENrNXDK2qpsCzttkROfNuig=
-1101,229,BS4WJNPJE/o0VyvCd3GuSA9Z/4U=,YMfzENrNXDK2qpsCzttkROfNuig=
-1101,230,BS4WJNPJE/o0VyvCd3GuSA9Z/4U=,YMfzENrNXDK2qpsCzttkROfNuig=
-1104,229,BS4WJNPJE/o0VyvCd3GuSA9Z/4U=,YMfzENrNXDK2qpsCzttkROfNuig=
-1103,229,BS4WJNPJE/o0VyvCd3GuSA9Z/4U=,YMfzENrNXDK2qpsCzttkROfNuig=
-1090,229,BS4WJNPJE/o0VyvCd3GuSA9Z/4U=,YMfzENrNXDK2qpsCzttkROfNuig=
-1090,228,BS4WJNPJE/o0VyvCd3GuSA9Z/4U=,YMfzENrNXDK2qpsCzttkROfNuig=
-1093,229,BS4WJNPJE/o0VyvCd3GuSA9Z/4U=,YMfzENrNXDK2qpsCzttkROfNuig=
-1091,228,BS4WJNPJE/o0VyvCd3GuSA9Z/4U=,YMfzENrNXDK2qpsCzttkROfNuig=
-1094,228,BS4WJNPJE/o0VyvCd3GuSA9Z/4U=,YMfzENrNXDK2qpsCzttkROfNuig=
-1093,228,BS4WJNPJE/o0VyvCd3GuSA9Z/4U=,YMfzENrNXDK2qpsCzttkROfNuig=
-1098,228,BS4WJNPJE/o0VyvCd3GuSA9Z/4U=,YMfzENrNXDK2qpsCzttkROfNuig=
-1102,228,BS4WJNPJE/o0VyvCd3GuSA9Z/4U=,YMfzENrNXDK2qpsCzttkROfNuig=
-1095,228,BS4WJNPJE/o0VyvCd3GuSA9Z/4U=,YMfzENrNXDK2qpsCzttkROfNuig=
-1089,228,BS4WJNPJE/o0VyvCd3GuSA9Z/4U=,YMfzENrNXDK2qpsCzttkROfNuig=
-1091,227,BS4WJNPJE/o0VyvCd3GuSA9Z/4U=,YMfzENrNXDK2qpsCzttkROfNuig=
-1097,228,BS4WJNPJE/o0VyvCd3GuSA9Z/4U=,YMfzENrNXDK2qpsCzttkROfNuig=
-1098,229,BS4WJNPJE/o0VyvCd3GuSA9Z/4U=,YMfzENrNXDK2qpsCzttkROfNuig=
-1092,228,BS4WJNPJE/o0VyvCd3GuSA9Z/4U=,YMfzENrNXDK2qpsCzttkROfNuig=
-1093,227,BS4WJNPJE/o0VyvCd3GuSA9Z/4U=,YMfzENrNXDK2qpsCzttkROfNuig=
-1094,227,BS4WJNPJE/o0VyvCd3GuSA9Z/4U=,YMfzENrNXDK2qpsCzttkROfNuig=
-1102,227,BS4WJNPJE/o0VyvCd3GuSA9Z/4U=,YMfzENrNXDK2qpsCzttkROfNuig=
-1097,227,BS4WJNPJE/o0VyvCd3GuSA9Z/4U=,YMfzENrNXDK2qpsCzttkROfNuig=
-1099,228,BS4WJNPJE/o0VyvCd3GuSA9Z/4U=,YMfzENrNXDK2qpsCzttkROfNuig=
-1101,228,BS4WJNPJE/o0VyvCd3GuSA9Z/4U=,YMfzENrNXDK2qpsCzttkROfNuig=
-1103,228,BS4WJNPJE/o0VyvCd3GuSA9Z/4U=,YMfzENrNXDK2qpsCzttkROfNuig=
-1095,226,BS4WJNPJE/o0VyvCd3GuSA9Z/4U=,YMfzENrNXDK2qpsCzttkROfNuig=
-1104,228,BS4WJNPJE/o0VyvCd3GuSA9Z/4U=,YMfzENrNXDK2qpsCzttkROfNuig=
-1094,226,BS4WJNPJE/o0VyvCd3GuSA9Z/4U=,YMfzENrNXDK2qpsCzttkROfNuig=
-1091,226,BS4WJNPJE/o0VyvCd3GuSA9Z/4U=,YMfzENrNXDK2qpsCzttkROfNuig=
-1092,227,BS4WJNPJE/o0VyvCd3GuSA9Z/4U=,YMfzENrNXDK2qpsCzttkROfNuig=
-1089,226,BS4WJNPJE/o0VyvCd3GuSA9Z/4U=,YMfzENrNXDK2qpsCzttkROfNuig=
-1096,227,BS4WJNPJE/o0VyvCd3GuSA9Z/4U=,YMfzENrNXDK2qpsCzttkROfNuig=
-1092,226,BS4WJNPJE/o0VyvCd3GuSA9Z/4U=,YMfzENrNXDK2qpsCzttkROfNuig=
-1093,226,BS4WJNPJE/o0VyvCd3GuSA9Z/4U=,YMfzENrNXDK2qpsCzttkROfNuig=
-1103,227,BS4WJNPJE/o0VyvCd3GuSA9Z/4U=,YMfzENrNXDK2qpsCzttkROfNuig=
-1095,227,BS4WJNPJE/o0VyvCd3GuSA9Z/4U=,YMfzENrNXDK2qpsCzttkROfNuig=
-1104,227,BS4WJNPJE/o0VyvCd3GuSA9Z/4U=,YMfzENrNXDK2qpsCzttkROfNuig=
-1100,227,BS4WJNPJE/o0VyvCd3GuSA9Z/4U=,YMfzENrNXDK2qpsCzttkROfNuig=
-1098,227,BS4WJNPJE/o0VyvCd3GuSA9Z/4U=,YMfzENrNXDK2qpsCzttkROfNuig=
-1101,227,BS4WJNPJE/o0VyvCd3GuSA9Z/4U=,YMfzENrNXDK2qpsCzttkROfNuig=
-1090,226,BS4WJNPJE/o0VyvCd3GuSA9Z/4U=,YMfzENrNXDK2qpsCzttkROfNuig=
-1096,228,BS4WJNPJE/o0VyvCd3GuSA9Z/4U=,YMfzENrNXDK2qpsCzttkROfNuig=
-1100,228,BS4WJNPJE/o0VyvCd3GuSA9Z/4U=,YMfzENrNXDK2qpsCzttkROfNuig=
-1099,227,BS4WJNPJE/o0VyvCd3GuSA9Z/4U=,YMfzENrNXDK2qpsCzttkROfNuig=
-1090,227,BS4WJNPJE/o0VyvCd3GuSA9Z/4U=,YMfzENrNXDK2qpsCzttkROfNuig=
-1089,227,BS4WJNPJE/o0VyvCd3GuSA9Z/4U=,YMfzENrNXDK2qpsCzttkROfNuig=
-1118,240,bPAkK1lBxB4YXNYKCBM1mP7TgwY=,YMfzENrNXDK2qpsCzttkROfNuig=
-1117,240,bPAkK1lBxB4YXNYKCBM1mP7TgwY=,YMfzENrNXDK2qpsCzttkROfNuig=
-1105,255,bPAkK1lBxB4YXNYKCBM1mP7TgwY=,YMfzENrNXDK2qpsCzttkROfNuig=
-1115,240,bPAkK1lBxB4YXNYKCBM1mP7TgwY=,YMfzENrNXDK2qpsCzttkROfNuig=
-1116,240,bPAkK1lBxB4YXNYKCBM1mP7TgwY=,YMfzENrNXDK2qpsCzttkROfNuig=
-1120,240,bPAkK1lBxB4YXNYKCBM1mP7TgwY=,YMfzENrNXDK2qpsCzttkROfNuig=
-1114,240,bPAkK1lBxB4YXNYKCBM1mP7TgwY=,YMfzENrNXDK2qpsCzttkROfNuig=
-1113,240,bPAkK1lBxB4YXNYKCBM1mP7TgwY=,YMfzENrNXDK2qpsCzttkROfNuig=
-1106,255,bPAkK1lBxB4YXNYKCBM1mP7TgwY=,YMfzENrNXDK2qpsCzttkROfNuig=
-1119,240,bPAkK1lBxB4YXNYKCBM1mP7TgwY=,YMfzENrNXDK2qpsCzttkROfNuig=
-1112,240,bPAkK1lBxB4YXNYKCBM1mP7TgwY=,YMfzENrNXDK2qpsCzttkROfNuig=
-1108,255,bPAkK1lBxB4YXNYKCBM1mP7TgwY=,YMfzENrNXDK2qpsCzttkROfNuig=
-1111,240,bPAkK1lBxB4YXNYKCBM1mP7TgwY=,YMfzENrNXDK2qpsCzttkROfNuig=
-1110,255,bPAkK1lBxB4YXNYKCBM1mP7TgwY=,YMfzENrNXDK2qpsCzttkROfNuig=
-1109,255,bPAkK1lBxB4YXNYKCBM1mP7TgwY=,YMfzENrNXDK2qpsCzttkROfNuig=
-1107,255,bPAkK1lBxB4YXNYKCBM1mP7TgwY=,YMfzENrNXDK2qpsCzttkROfNuig=
-1111,255,bPAkK1lBxB4YXNYKCBM1mP7TgwY=,YMfzENrNXDK2qpsCzttkROfNuig=
-1112,255,bPAkK1lBxB4YXNYKCBM1mP7TgwY=,YMfzENrNXDK2qpsCzttkROfNuig=
-1110,240,bPAkK1lBxB4YXNYKCBM1mP7TgwY=,YMfzENrNXDK2qpsCzttkROfNuig=
-1109,240,bPAkK1lBxB4YXNYKCBM1mP7TgwY=,YMfzENrNXDK2qpsCzttkROfNuig=
-1117,255,bPAkK1lBxB4YXNYKCBM1mP7TgwY=,YMfzENrNXDK2qpsCzttkROfNuig=
-1115,255,bPAkK1lBxB4YXNYKCBM1mP7TgwY=,YMfzENrNXDK2qpsCzttkROfNuig=
-1108,240,bPAkK1lBxB4YXNYKCBM1mP7TgwY=,YMfzENrNXDK2qpsCzttkROfNuig=
-1114,255,bPAkK1lBxB4YXNYKCBM1mP7TgwY=,YMfzENrNXDK2qpsCzttkROfNuig=
-1113,255,bPAkK1lBxB4YXNYKCBM1mP7TgwY=,YMfzENrNXDK2qpsCzttkROfNuig=
-1118,255,bPAkK1lBxB4YXNYKCBM1mP7TgwY=,YMfzENrNXDK2qpsCzttkROfNuig=
-1119,255,bPAkK1lBxB4YXNYKCBM1mP7TgwY=,YMfzENrNXDK2qpsCzttkROfNuig=
-1107,240,bPAkK1lBxB4YXNYKCBM1mP7TgwY=,YMfzENrNXDK2qpsCzttkROfNuig=
-1116,255,bPAkK1lBxB4YXNYKCBM1mP7TgwY=,YMfzENrNXDK2qpsCzttkROfNuig=
-1120,255,bPAkK1lBxB4YXNYKCBM1mP7TgwY=,YMfzENrNXDK2qpsCzttkROfNuig=
-1106,254,bPAkK1lBxB4YXNYKCBM1mP7TgwY=,YMfzENrNXDK2qpsCzttkROfNuig=
-1105,254,bPAkK1lBxB4YXNYKCBM1mP7TgwY=,YMfzENrNXDK2qpsCzttkROfNuig=
-1106,240,bPAkK1lBxB4YXNYKCBM1mP7TgwY=,YMfzENrNXDK2qpsCzttkROfNuig=
-1109,254,bPAkK1lBxB4YXNYKCBM1mP7TgwY=,YMfzENrNXDK2qpsCzttkROfNuig=
-1107,254,bPAkK1lBxB4YXNYKCBM1mP7TgwY=,YMfzENrNXDK2qpsCzttkROfNuig=
-1111,254,bPAkK1lBxB4YXNYKCBM1mP7TgwY=,YMfzENrNXDK2qpsCzttkROfNuig=
-1105,240,bPAkK1lBxB4YXNYKCBM1mP7TgwY=,YMfzENrNXDK2qpsCzttkROfNuig=
-1112,254,bPAkK1lBxB4YXNYKCBM1mP7TgwY=,YMfzENrNXDK2qpsCzttkROfNuig=
-1110,254,bPAkK1lBxB4YXNYKCBM1mP7TgwY=,YMfzENrNXDK2qpsCzttkROfNuig=
-1113,254,bPAkK1lBxB4YXNYKCBM1mP7TgwY=,YMfzENrNXDK2qpsCzttkROfNuig=
-1120,241,bPAkK1lBxB4YXNYKCBM1mP7TgwY=,YMfzENrNXDK2qpsCzttkROfNuig=
-1108,254,bPAkK1lBxB4YXNYKCBM1mP7TgwY=,YMfzENrNXDK2qpsCzttkROfNuig=
-1116,254,bPAkK1lBxB4YXNYKCBM1mP7TgwY=,YMfzENrNXDK2qpsCzttkROfNuig=
-1117,254,bPAkK1lBxB4YXNYKCBM1mP7TgwY=,YMfzENrNXDK2qpsCzttkROfNuig=
-1114,254,bPAkK1lBxB4YXNYKCBM1mP7TgwY=,YMfzENrNXDK2qpsCzttkROfNuig=
-1115,254,bPAkK1lBxB4YXNYKCBM1mP7TgwY=,YMfzENrNXDK2qpsCzttkROfNuig=
-1119,241,bPAkK1lBxB4YXNYKCBM1mP7TgwY=,YMfzENrNXDK2qpsCzttkROfNuig=
-1119,254,bPAkK1lBxB4YXNYKCBM1mP7TgwY=,YMfzENrNXDK2qpsCzttkROfNuig=
-1118,254,bPAkK1lBxB4YXNYKCBM1mP7TgwY=,YMfzENrNXDK2qpsCzttkROfNuig=
-1118,241,bPAkK1lBxB4YXNYKCBM1mP7TgwY=,YMfzENrNXDK2qpsCzttkROfNuig=
-1105,253,bPAkK1lBxB4YXNYKCBM1mP7TgwY=,YMfzENrNXDK2qpsCzttkROfNuig=
-1120,254,bPAkK1lBxB4YXNYKCBM1mP7TgwY=,YMfzENrNXDK2qpsCzttkROfNuig=
-1106,253,bPAkK1lBxB4YXNYKCBM1mP7TgwY=,YMfzENrNXDK2qpsCzttkROfNuig=
-1117,241,bPAkK1lBxB4YXNYKCBM1mP7TgwY=,YMfzENrNXDK2qpsCzttkROfNuig=
-1109,253,bPAkK1lBxB4YXNYKCBM1mP7TgwY=,YMfzENrNXDK2qpsCzttkROfNuig=
-1107,253,bPAkK1lBxB4YXNYKCBM1mP7TgwY=,YMfzENrNXDK2qpsCzttkROfNuig=
-1110,253,bPAkK1lBxB4YXNYKCBM1mP7TgwY=,YMfzENrNXDK2qpsCzttkROfNuig=
-1111,253,bPAkK1lBxB4YXNYKCBM1mP7TgwY=,YMfzENrNXDK2qpsCzttkROfNuig=
-1116,241,bPAkK1lBxB4YXNYKCBM1mP7TgwY=,YMfzENrNXDK2qpsCzttkROfNuig=
-1108,253,bPAkK1lBxB4YXNYKCBM1mP7TgwY=,YMfzENrNXDK2qpsCzttkROfNuig=
-1113,253,bPAkK1lBxB4YXNYKCBM1mP7TgwY=,YMfzENrNXDK2qpsCzttkROfNuig=
-1115,253,bPAkK1lBxB4YXNYKCBM1mP7TgwY=,YMfzENrNXDK2qpsCzttkROfNuig=
-1112,253,bPAkK1lBxB4YXNYKCBM1mP7TgwY=,YMfzENrNXDK2qpsCzttkROfNuig=
-1116,253,bPAkK1lBxB4YXNYKCBM1mP7TgwY=,YMfzENrNXDK2qpsCzttkROfNuig=
-1118,253,bPAkK1lBxB4YXNYKCBM1mP7TgwY=,YMfzENrNXDK2qpsCzttkROfNuig=
-1117,253,bPAkK1lBxB4YXNYKCBM1mP7TgwY=,YMfzENrNXDK2qpsCzttkROfNuig=
-1114,253,bPAkK1lBxB4YXNYKCBM1mP7TgwY=,YMfzENrNXDK2qpsCzttkROfNuig=
-1115,241,bPAkK1lBxB4YXNYKCBM1mP7TgwY=,YMfzENrNXDK2qpsCzttkROfNuig=
-1105,252,bPAkK1lBxB4YXNYKCBM1mP7TgwY=,YMfzENrNXDK2qpsCzttkROfNuig=
-1114,241,bPAkK1lBxB4YXNYKCBM1mP7TgwY=,YMfzENrNXDK2qpsCzttkROfNuig=
-1107,252,bPAkK1lBxB4YXNYKCBM1mP7TgwY=,YMfzENrNXDK2qpsCzttkROfNuig=
-1108,252,bPAkK1lBxB4YXNYKCBM1mP7TgwY=,YMfzENrNXDK2qpsCzttkROfNuig=
-1109,252,bPAkK1lBxB4YXNYKCBM1mP7TgwY=,YMfzENrNXDK2qpsCzttkROfNuig=
-1106,252,bPAkK1lBxB4YXNYKCBM1mP7TgwY=,YMfzENrNXDK2qpsCzttkROfNuig=
-1119,253,bPAkK1lBxB4YXNYKCBM1mP7TgwY=,YMfzENrNXDK2qpsCzttkROfNuig=
-1120,253,bPAkK1lBxB4YXNYKCBM1mP7TgwY=,YMfzENrNXDK2qpsCzttkROfNuig=
-1113,241,bPAkK1lBxB4YXNYKCBM1mP7TgwY=,YMfzENrNXDK2qpsCzttkROfNuig=
-1110,252,bPAkK1lBxB4YXNYKCBM1mP7TgwY=,YMfzENrNXDK2qpsCzttkROfNuig=
-1113,252,bPAkK1lBxB4YXNYKCBM1mP7TgwY=,YMfzENrNXDK2qpsCzttkROfNuig=
-1111,252,bPAkK1lBxB4YXNYKCBM1mP7TgwY=,YMfzENrNXDK2qpsCzttkROfNuig=
-1112,252,bPAkK1lBxB4YXNYKCBM1mP7TgwY=,YMfzENrNXDK2qpsCzttkROfNuig=
-1114,252,bPAkK1lBxB4YXNYKCBM1mP7TgwY=,YMfzENrNXDK2qpsCzttkROfNuig=
-1115,252,bPAkK1lBxB4YXNYKCBM1mP7TgwY=,YMfzENrNXDK2qpsCzttkROfNuig=
-1116,252,bPAkK1lBxB4YXNYKCBM1mP7TgwY=,YMfzENrNXDK2qpsCzttkROfNuig=
-1117,252,bPAkK1lBxB4YXNYKCBM1mP7TgwY=,YMfzENrNXDK2qpsCzttkROfNuig=
-1118,252,bPAkK1lBxB4YXNYKCBM1mP7TgwY=,YMfzENrNXDK2qpsCzttkROfNuig=
-1108,251,bPAkK1lBxB4YXNYKCBM1mP7TgwY=,YMfzENrNXDK2qpsCzttkROfNuig=
-1119,252,bPAkK1lBxB4YXNYKCBM1mP7TgwY=,YMfzENrNXDK2qpsCzttkROfNuig=
-1120,252,bPAkK1lBxB4YXNYKCBM1mP7TgwY=,YMfzENrNXDK2qpsCzttkROfNuig=
-1106,251,bPAkK1lBxB4YXNYKCBM1mP7TgwY=,YMfzENrNXDK2qpsCzttkROfNuig=
-1109,251,bPAkK1lBxB4YXNYKCBM1mP7TgwY=,YMfzENrNXDK2qpsCzttkROfNuig=
-1105,251,bPAkK1lBxB4YXNYKCBM1mP7TgwY=,YMfzENrNXDK2qpsCzttkROfNuig=
-1107,251,bPAkK1lBxB4YXNYKCBM1mP7TgwY=,YMfzENrNXDK2qpsCzttkROfNuig=
-1112,241,bPAkK1lBxB4YXNYKCBM1mP7TgwY=,YMfzENrNXDK2qpsCzttkROfNuig=
-1110,251,bPAkK1lBxB4YXNYKCBM1mP7TgwY=,YMfzENrNXDK2qpsCzttkROfNuig=
-1111,251,bPAkK1lBxB4YXNYKCBM1mP7TgwY=,YMfzENrNXDK2qpsCzttkROfNuig=
-1114,251,bPAkK1lBxB4YXNYKCBM1mP7TgwY=,YMfzENrNXDK2qpsCzttkROfNuig=
-1115,251,bPAkK1lBxB4YXNYKCBM1mP7TgwY=,YMfzENrNXDK2qpsCzttkROfNuig=
-1112,251,bPAkK1lBxB4YXNYKCBM1mP7TgwY=,YMfzENrNXDK2qpsCzttkROfNuig=
-1111,241,bPAkK1lBxB4YXNYKCBM1mP7TgwY=,YMfzENrNXDK2qpsCzttkROfNuig=
-1116,251,bPAkK1lBxB4YXNYKCBM1mP7TgwY=,YMfzENrNXDK2qpsCzttkROfNuig=
-1119,251,bPAkK1lBxB4YXNYKCBM1mP7TgwY=,YMfzENrNXDK2qpsCzttkROfNuig=
-1105,250,bPAkK1lBxB4YXNYKCBM1mP7TgwY=,YMfzENrNXDK2qpsCzttkROfNuig=
-1118,251,bPAkK1lBxB4YXNYKCBM1mP7TgwY=,YMfzENrNXDK2qpsCzttkROfNuig=
-1110,241,bPAkK1lBxB4YXNYKCBM1mP7TgwY=,YMfzENrNXDK2qpsCzttkROfNuig=
-1108,250,bPAkK1lBxB4YXNYKCBM1mP7TgwY=,YMfzENrNXDK2qpsCzttkROfNuig=
-1117,251,bPAkK1lBxB4YXNYKCBM1mP7TgwY=,YMfzENrNXDK2qpsCzttkROfNuig=
-1106,250,bPAkK1lBxB4YXNYKCBM1mP7TgwY=,YMfzENrNXDK2qpsCzttkROfNuig=
-1110,250,bPAkK1lBxB4YXNYKCBM1mP7TgwY=,YMfzENrNXDK2qpsCzttkROfNuig=
-1111,250,bPAkK1lBxB4YXNYKCBM1mP7TgwY=,YMfzENrNXDK2qpsCzttkROfNuig=
-1113,251,bPAkK1lBxB4YXNYKCBM1mP7TgwY=,YMfzENrNXDK2qpsCzttkROfNuig=
-1109,250,bPAkK1lBxB4YXNYKCBM1mP7TgwY=,YMfzENrNXDK2qpsCzttkROfNuig=
-1114,250,bPAkK1lBxB4YXNYKCBM1mP7TgwY=,YMfzENrNXDK2qpsCzttkROfNuig=
-1109,241,bPAkK1lBxB4YXNYKCBM1mP7TgwY=,YMfzENrNXDK2qpsCzttkROfNuig=
-1115,250,bPAkK1lBxB4YXNYKCBM1mP7TgwY=,YMfzENrNXDK2qpsCzttkROfNuig=
-1113,250,bPAkK1lBxB4YXNYKCBM1mP7TgwY=,YMfzENrNXDK2qpsCzttkROfNuig=
-1116,250,bPAkK1lBxB4YXNYKCBM1mP7TgwY=,YMfzENrNXDK2qpsCzttkROfNuig=
-1107,250,bPAkK1lBxB4YXNYKCBM1mP7TgwY=,YMfzENrNXDK2qpsCzttkROfNuig=
-1108,241,bPAkK1lBxB4YXNYKCBM1mP7TgwY=,YMfzENrNXDK2qpsCzttkROfNuig=
-1119,250,bPAkK1lBxB4YXNYKCBM1mP7TgwY=,YMfzENrNXDK2qpsCzttkROfNuig=
-1117,250,bPAkK1lBxB4YXNYKCBM1mP7TgwY=,YMfzENrNXDK2qpsCzttkROfNuig=
-1118,250,bPAkK1lBxB4YXNYKCBM1mP7TgwY=,YMfzENrNXDK2qpsCzttkROfNuig=
-1105,249,bPAkK1lBxB4YXNYKCBM1mP7TgwY=,YMfzENrNXDK2qpsCzttkROfNuig=
-1120,250,bPAkK1lBxB4YXNYKCBM1mP7TgwY=,YMfzENrNXDK2qpsCzttkROfNuig=
-1107,241,bPAkK1lBxB4YXNYKCBM1mP7TgwY=,YMfzENrNXDK2qpsCzttkROfNuig=
-1108,249,bPAkK1lBxB4YXNYKCBM1mP7TgwY=,YMfzENrNXDK2qpsCzttkROfNuig=
-1120,251,bPAkK1lBxB4YXNYKCBM1mP7TgwY=,YMfzENrNXDK2qpsCzttkROfNuig=
-1110,249,bPAkK1lBxB4YXNYKCBM1mP7TgwY=,YMfzENrNXDK2qpsCzttkROfNuig=
-1111,249,bPAkK1lBxB4YXNYKCBM1mP7TgwY=,YMfzENrNXDK2qpsCzttkROfNuig=
-1107,249,bPAkK1lBxB4YXNYKCBM1mP7TgwY=,YMfzENrNXDK2qpsCzttkROfNuig=
-1109,249,bPAkK1lBxB4YXNYKCBM1mP7TgwY=,YMfzENrNXDK2qpsCzttkROfNuig=
-1106,241,bPAkK1lBxB4YXNYKCBM1mP7TgwY=,YMfzENrNXDK2qpsCzttkROfNuig=
-1112,249,bPAkK1lBxB4YXNYKCBM1mP7TgwY=,YMfzENrNXDK2qpsCzttkROfNuig=
-1113,249,bPAkK1lBxB4YXNYKCBM1mP7TgwY=,YMfzENrNXDK2qpsCzttkROfNuig=
-1115,249,bPAkK1lBxB4YXNYKCBM1mP7TgwY=,YMfzENrNXDK2qpsCzttkROfNuig=
-1106,249,bPAkK1lBxB4YXNYKCBM1mP7TgwY=,YMfzENrNXDK2qpsCzttkROfNuig=
-1118,249,bPAkK1lBxB4YXNYKCBM1mP7TgwY=,YMfzENrNXDK2qpsCzttkROfNuig=
-1119,249,bPAkK1lBxB4YXNYKCBM1mP7TgwY=,YMfzENrNXDK2qpsCzttkROfNuig=
-1105,241,bPAkK1lBxB4YXNYKCBM1mP7TgwY=,YMfzENrNXDK2qpsCzttkROfNuig=
-1116,249,bPAkK1lBxB4YXNYKCBM1mP7TgwY=,YMfzENrNXDK2qpsCzttkROfNuig=
-1120,249,bPAkK1lBxB4YXNYKCBM1mP7TgwY=,YMfzENrNXDK2qpsCzttkROfNuig=
-1117,249,bPAkK1lBxB4YXNYKCBM1mP7TgwY=,YMfzENrNXDK2qpsCzttkROfNuig=
-1112,250,bPAkK1lBxB4YXNYKCBM1mP7TgwY=,YMfzENrNXDK2qpsCzttkROfNuig=
-1120,242,bPAkK1lBxB4YXNYKCBM1mP7TgwY=,YMfzENrNXDK2qpsCzttkROfNuig=
-1106,248,bPAkK1lBxB4YXNYKCBM1mP7TgwY=,YMfzENrNXDK2qpsCzttkROfNuig=
-1110,248,bPAkK1lBxB4YXNYKCBM1mP7TgwY=,YMfzENrNXDK2qpsCzttkROfNuig=
-1114,249,bPAkK1lBxB4YXNYKCBM1mP7TgwY=,YMfzENrNXDK2qpsCzttkROfNuig=
-1105,248,bPAkK1lBxB4YXNYKCBM1mP7TgwY=,YMfzENrNXDK2qpsCzttkROfNuig=
-1108,248,bPAkK1lBxB4YXNYKCBM1mP7TgwY=,YMfzENrNXDK2qpsCzttkROfNuig=
-1109,248,bPAkK1lBxB4YXNYKCBM1mP7TgwY=,YMfzENrNXDK2qpsCzttkROfNuig=
-1111,248,bPAkK1lBxB4YXNYKCBM1mP7TgwY=,YMfzENrNXDK2qpsCzttkROfNuig=
-1107,248,bPAkK1lBxB4YXNYKCBM1mP7TgwY=,YMfzENrNXDK2qpsCzttkROfNuig=
-1112,248,bPAkK1lBxB4YXNYKCBM1mP7TgwY=,YMfzENrNXDK2qpsCzttkROfNuig=
-1119,242,bPAkK1lBxB4YXNYKCBM1mP7TgwY=,YMfzENrNXDK2qpsCzttkROfNuig=
-1113,248,bPAkK1lBxB4YXNYKCBM1mP7TgwY=,YMfzENrNXDK2qpsCzttkROfNuig=
-1115,248,bPAkK1lBxB4YXNYKCBM1mP7TgwY=,YMfzENrNXDK2qpsCzttkROfNuig=
-1119,248,bPAkK1lBxB4YXNYKCBM1mP7TgwY=,YMfzENrNXDK2qpsCzttkROfNuig=
-1118,248,bPAkK1lBxB4YXNYKCBM1mP7TgwY=,YMfzENrNXDK2qpsCzttkROfNuig=
-1114,248,bPAkK1lBxB4YXNYKCBM1mP7TgwY=,YMfzENrNXDK2qpsCzttkROfNuig=
-1117,248,bPAkK1lBxB4YXNYKCBM1mP7TgwY=,YMfzENrNXDK2qpsCzttkROfNuig=
-1116,248,bPAkK1lBxB4YXNYKCBM1mP7TgwY=,YMfzENrNXDK2qpsCzttkROfNuig=
-1120,248,bPAkK1lBxB4YXNYKCBM1mP7TgwY=,YMfzENrNXDK2qpsCzttkROfNuig=
-1118,242,bPAkK1lBxB4YXNYKCBM1mP7TgwY=,YMfzENrNXDK2qpsCzttkROfNuig=
-1106,247,bPAkK1lBxB4YXNYKCBM1mP7TgwY=,YMfzENrNXDK2qpsCzttkROfNuig=
-1107,247,bPAkK1lBxB4YXNYKCBM1mP7TgwY=,YMfzENrNXDK2qpsCzttkROfNuig=
-1105,247,bPAkK1lBxB4YXNYKCBM1mP7TgwY=,YMfzENrNXDK2qpsCzttkROfNuig=
-1109,247,bPAkK1lBxB4YXNYKCBM1mP7TgwY=,YMfzENrNXDK2qpsCzttkROfNuig=
-1117,242,bPAkK1lBxB4YXNYKCBM1mP7TgwY=,YMfzENrNXDK2qpsCzttkROfNuig=
-1110,247,bPAkK1lBxB4YXNYKCBM1mP7TgwY=,YMfzENrNXDK2qpsCzttkROfNuig=
-1108,247,bPAkK1lBxB4YXNYKCBM1mP7TgwY=,YMfzENrNXDK2qpsCzttkROfNuig=
-1111,247,bPAkK1lBxB4YXNYKCBM1mP7TgwY=,YMfzENrNXDK2qpsCzttkROfNuig=
-1119,247,bPAkK1lBxB4YXNYKCBM1mP7TgwY=,YMfzENrNXDK2qpsCzttkROfNuig=
-1117,247,bPAkK1lBxB4YXNYKCBM1mP7TgwY=,YMfzENrNXDK2qpsCzttkROfNuig=
-1116,247,bPAkK1lBxB4YXNYKCBM1mP7TgwY=,YMfzENrNXDK2qpsCzttkROfNuig=
-1114,247,bPAkK1lBxB4YXNYKCBM1mP7TgwY=,YMfzENrNXDK2qpsCzttkROfNuig=
-1113,247,bPAkK1lBxB4YXNYKCBM1mP7TgwY=,YMfzENrNXDK2qpsCzttkROfNuig=
-1105,246,bPAkK1lBxB4YXNYKCBM1mP7TgwY=,YMfzENrNXDK2qpsCzttkROfNuig=
-1106,246,bPAkK1lBxB4YXNYKCBM1mP7TgwY=,YMfzENrNXDK2qpsCzttkROfNuig=
-1115,247,bPAkK1lBxB4YXNYKCBM1mP7TgwY=,YMfzENrNXDK2qpsCzttkROfNuig=
-1116,242,bPAkK1lBxB4YXNYKCBM1mP7TgwY=,YMfzENrNXDK2qpsCzttkROfNuig=
-1109,246,bPAkK1lBxB4YXNYKCBM1mP7TgwY=,YMfzENrNXDK2qpsCzttkROfNuig=
-1111,246,bPAkK1lBxB4YXNYKCBM1mP7TgwY=,YMfzENrNXDK2qpsCzttkROfNuig=
-1110,246,bPAkK1lBxB4YXNYKCBM1mP7TgwY=,YMfzENrNXDK2qpsCzttkROfNuig=
-1118,247,bPAkK1lBxB4YXNYKCBM1mP7TgwY=,YMfzENrNXDK2qpsCzttkROfNuig=
-1107,246,bPAkK1lBxB4YXNYKCBM1mP7TgwY=,YMfzENrNXDK2qpsCzttkROfNuig=
-1112,246,bPAkK1lBxB4YXNYKCBM1mP7TgwY=,YMfzENrNXDK2qpsCzttkROfNuig=
-1114,246,bPAkK1lBxB4YXNYKCBM1mP7TgwY=,YMfzENrNXDK2qpsCzttkROfNuig=
-1108,246,bPAkK1lBxB4YXNYKCBM1mP7TgwY=,YMfzENrNXDK2qpsCzttkROfNuig=
-1117,246,bPAkK1lBxB4YXNYKCBM1mP7TgwY=,YMfzENrNXDK2qpsCzttkROfNuig=
-1116,246,bPAkK1lBxB4YXNYKCBM1mP7TgwY=,YMfzENrNXDK2qpsCzttkROfNuig=
-1115,246,bPAkK1lBxB4YXNYKCBM1mP7TgwY=,YMfzENrNXDK2qpsCzttkROfNuig=
-1120,246,bPAkK1lBxB4YXNYKCBM1mP7TgwY=,YMfzENrNXDK2qpsCzttkROfNuig=
-1113,246,bPAkK1lBxB4YXNYKCBM1mP7TgwY=,YMfzENrNXDK2qpsCzttkROfNuig=
-1118,246,bPAkK1lBxB4YXNYKCBM1mP7TgwY=,YMfzENrNXDK2qpsCzttkROfNuig=
-1119,246,bPAkK1lBxB4YXNYKCBM1mP7TgwY=,YMfzENrNXDK2qpsCzttkROfNuig=
-1109,245,bPAkK1lBxB4YXNYKCBM1mP7TgwY=,YMfzENrNXDK2qpsCzttkROfNuig=
-1111,245,bPAkK1lBxB4YXNYKCBM1mP7TgwY=,YMfzENrNXDK2qpsCzttkROfNuig=
-1107,245,bPAkK1lBxB4YXNYKCBM1mP7TgwY=,YMfzENrNXDK2qpsCzttkROfNuig=
-1105,245,bPAkK1lBxB4YXNYKCBM1mP7TgwY=,YMfzENrNXDK2qpsCzttkROfNuig=
-1120,247,bPAkK1lBxB4YXNYKCBM1mP7TgwY=,YMfzENrNXDK2qpsCzttkROfNuig=
-1112,245,bPAkK1lBxB4YXNYKCBM1mP7TgwY=,YMfzENrNXDK2qpsCzttkROfNuig=
-1108,245,bPAkK1lBxB4YXNYKCBM1mP7TgwY=,YMfzENrNXDK2qpsCzttkROfNuig=
-1115,245,bPAkK1lBxB4YXNYKCBM1mP7TgwY=,YMfzENrNXDK2qpsCzttkROfNuig=
-1110,245,bPAkK1lBxB4YXNYKCBM1mP7TgwY=,YMfzENrNXDK2qpsCzttkROfNuig=
-1113,245,bPAkK1lBxB4YXNYKCBM1mP7TgwY=,YMfzENrNXDK2qpsCzttkROfNuig=
-1114,245,bPAkK1lBxB4YXNYKCBM1mP7TgwY=,YMfzENrNXDK2qpsCzttkROfNuig=
-1116,245,bPAkK1lBxB4YXNYKCBM1mP7TgwY=,YMfzENrNXDK2qpsCzttkROfNuig=
-1118,245,bPAkK1lBxB4YXNYKCBM1mP7TgwY=,YMfzENrNXDK2qpsCzttkROfNuig=
-1106,244,bPAkK1lBxB4YXNYKCBM1mP7TgwY=,YMfzENrNXDK2qpsCzttkROfNuig=
-1117,245,bPAkK1lBxB4YXNYKCBM1mP7TgwY=,YMfzENrNXDK2qpsCzttkROfNuig=
-1119,245,bPAkK1lBxB4YXNYKCBM1mP7TgwY=,YMfzENrNXDK2qpsCzttkROfNuig=
-1105,244,bPAkK1lBxB4YXNYKCBM1mP7TgwY=,YMfzENrNXDK2qpsCzttkROfNuig=
-1120,245,bPAkK1lBxB4YXNYKCBM1mP7TgwY=,YMfzENrNXDK2qpsCzttkROfNuig=
-1107,244,bPAkK1lBxB4YXNYKCBM1mP7TgwY=,YMfzENrNXDK2qpsCzttkROfNuig=
-1109,244,bPAkK1lBxB4YXNYKCBM1mP7TgwY=,YMfzENrNXDK2qpsCzttkROfNuig=
-1108,244,bPAkK1lBxB4YXNYKCBM1mP7TgwY=,YMfzENrNXDK2qpsCzttkROfNuig=
-1112,244,bPAkK1lBxB4YXNYKCBM1mP7TgwY=,YMfzENrNXDK2qpsCzttkROfNuig=
-1111,244,bPAkK1lBxB4YXNYKCBM1mP7TgwY=,YMfzENrNXDK2qpsCzttkROfNuig=
-1113,244,bPAkK1lBxB4YXNYKCBM1mP7TgwY=,YMfzENrNXDK2qpsCzttkROfNuig=
-1114,244,bPAkK1lBxB4YXNYKCBM1mP7TgwY=,YMfzENrNXDK2qpsCzttkROfNuig=
-1115,244,bPAkK1lBxB4YXNYKCBM1mP7TgwY=,YMfzENrNXDK2qpsCzttkROfNuig=
-1115,242,bPAkK1lBxB4YXNYKCBM1mP7TgwY=,YMfzENrNXDK2qpsCzttkROfNuig=
-1118,244,bPAkK1lBxB4YXNYKCBM1mP7TgwY=,YMfzENrNXDK2qpsCzttkROfNuig=
-1116,244,bPAkK1lBxB4YXNYKCBM1mP7TgwY=,YMfzENrNXDK2qpsCzttkROfNuig=
-1117,244,bPAkK1lBxB4YXNYKCBM1mP7TgwY=,YMfzENrNXDK2qpsCzttkROfNuig=
-1114,242,bPAkK1lBxB4YXNYKCBM1mP7TgwY=,YMfzENrNXDK2qpsCzttkROfNuig=
-1120,244,bPAkK1lBxB4YXNYKCBM1mP7TgwY=,YMfzENrNXDK2qpsCzttkROfNuig=
-1112,247,bPAkK1lBxB4YXNYKCBM1mP7TgwY=,YMfzENrNXDK2qpsCzttkROfNuig=
-1110,244,bPAkK1lBxB4YXNYKCBM1mP7TgwY=,YMfzENrNXDK2qpsCzttkROfNuig=
-1110,243,bPAkK1lBxB4YXNYKCBM1mP7TgwY=,YMfzENrNXDK2qpsCzttkROfNuig=
-1108,243,bPAkK1lBxB4YXNYKCBM1mP7TgwY=,YMfzENrNXDK2qpsCzttkROfNuig=
-1106,243,bPAkK1lBxB4YXNYKCBM1mP7TgwY=,YMfzENrNXDK2qpsCzttkROfNuig=
-1119,244,bPAkK1lBxB4YXNYKCBM1mP7TgwY=,YMfzENrNXDK2qpsCzttkROfNuig=
-1113,242,bPAkK1lBxB4YXNYKCBM1mP7TgwY=,YMfzENrNXDK2qpsCzttkROfNuig=
-1105,243,bPAkK1lBxB4YXNYKCBM1mP7TgwY=,YMfzENrNXDK2qpsCzttkROfNuig=
-1109,243,bPAkK1lBxB4YXNYKCBM1mP7TgwY=,YMfzENrNXDK2qpsCzttkROfNuig=
-1115,243,bPAkK1lBxB4YXNYKCBM1mP7TgwY=,YMfzENrNXDK2qpsCzttkROfNuig=
-1111,243,bPAkK1lBxB4YXNYKCBM1mP7TgwY=,YMfzENrNXDK2qpsCzttkROfNuig=
-1118,243,bPAkK1lBxB4YXNYKCBM1mP7TgwY=,YMfzENrNXDK2qpsCzttkROfNuig=
-1112,243,bPAkK1lBxB4YXNYKCBM1mP7TgwY=,YMfzENrNXDK2qpsCzttkROfNuig=
-1120,243,bPAkK1lBxB4YXNYKCBM1mP7TgwY=,YMfzENrNXDK2qpsCzttkROfNuig=
-1119,243,bPAkK1lBxB4YXNYKCBM1mP7TgwY=,YMfzENrNXDK2qpsCzttkROfNuig=
-1116,243,bPAkK1lBxB4YXNYKCBM1mP7TgwY=,YMfzENrNXDK2qpsCzttkROfNuig=
-1105,242,bPAkK1lBxB4YXNYKCBM1mP7TgwY=,YMfzENrNXDK2qpsCzttkROfNuig=
-1111,242,bPAkK1lBxB4YXNYKCBM1mP7TgwY=,YMfzENrNXDK2qpsCzttkROfNuig=
-1106,242,bPAkK1lBxB4YXNYKCBM1mP7TgwY=,YMfzENrNXDK2qpsCzttkROfNuig=
-1106,245,bPAkK1lBxB4YXNYKCBM1mP7TgwY=,YMfzENrNXDK2qpsCzttkROfNuig=
-1108,242,bPAkK1lBxB4YXNYKCBM1mP7TgwY=,YMfzENrNXDK2qpsCzttkROfNuig=
-1110,242,bPAkK1lBxB4YXNYKCBM1mP7TgwY=,YMfzENrNXDK2qpsCzttkROfNuig=
-1117,243,bPAkK1lBxB4YXNYKCBM1mP7TgwY=,YMfzENrNXDK2qpsCzttkROfNuig=
-1107,243,bPAkK1lBxB4YXNYKCBM1mP7TgwY=,YMfzENrNXDK2qpsCzttkROfNuig=
-1114,243,bPAkK1lBxB4YXNYKCBM1mP7TgwY=,YMfzENrNXDK2qpsCzttkROfNuig=
-1109,242,bPAkK1lBxB4YXNYKCBM1mP7TgwY=,YMfzENrNXDK2qpsCzttkROfNuig=
-1113,243,bPAkK1lBxB4YXNYKCBM1mP7TgwY=,YMfzENrNXDK2qpsCzttkROfNuig=
-1107,242,bPAkK1lBxB4YXNYKCBM1mP7TgwY=,YMfzENrNXDK2qpsCzttkROfNuig=
-1112,242,bPAkK1lBxB4YXNYKCBM1mP7TgwY=,YMfzENrNXDK2qpsCzttkROfNuig=
-1102,240,nUK7/g04Bhs296oBfUP+eua5sCg=,YMfzENrNXDK2qpsCzttkROfNuig=
-1101,240,nUK7/g04Bhs296oBfUP+eua5sCg=,YMfzENrNXDK2qpsCzttkROfNuig=
-1103,240,nUK7/g04Bhs296oBfUP+eua5sCg=,YMfzENrNXDK2qpsCzttkROfNuig=
-1100,240,nUK7/g04Bhs296oBfUP+eua5sCg=,YMfzENrNXDK2qpsCzttkROfNuig=
-1104,240,nUK7/g04Bhs296oBfUP+eua5sCg=,YMfzENrNXDK2qpsCzttkROfNuig=
-1089,255,nUK7/g04Bhs296oBfUP+eua5sCg=,YMfzENrNXDK2qpsCzttkROfNuig=
-1090,255,nUK7/g04Bhs296oBfUP+eua5sCg=,YMfzENrNXDK2qpsCzttkROfNuig=
-1099,240,nUK7/g04Bhs296oBfUP+eua5sCg=,YMfzENrNXDK2qpsCzttkROfNuig=
-1098,240,nUK7/g04Bhs296oBfUP+eua5sCg=,YMfzENrNXDK2qpsCzttkROfNuig=
-1097,240,nUK7/g04Bhs296oBfUP+eua5sCg=,YMfzENrNXDK2qpsCzttkROfNuig=
-1091,255,nUK7/g04Bhs296oBfUP+eua5sCg=,YMfzENrNXDK2qpsCzttkROfNuig=
-1096,240,nUK7/g04Bhs296oBfUP+eua5sCg=,YMfzENrNXDK2qpsCzttkROfNuig=
-1092,255,nUK7/g04Bhs296oBfUP+eua5sCg=,YMfzENrNXDK2qpsCzttkROfNuig=
-1094,240,nUK7/g04Bhs296oBfUP+eua5sCg=,YMfzENrNXDK2qpsCzttkROfNuig=
-1093,240,nUK7/g04Bhs296oBfUP+eua5sCg=,YMfzENrNXDK2qpsCzttkROfNuig=
-1094,255,nUK7/g04Bhs296oBfUP+eua5sCg=,YMfzENrNXDK2qpsCzttkROfNuig=
-1095,240,nUK7/g04Bhs296oBfUP+eua5sCg=,YMfzENrNXDK2qpsCzttkROfNuig=
-1093,255,nUK7/g04Bhs296oBfUP+eua5sCg=,YMfzENrNXDK2qpsCzttkROfNuig=
-1092,240,nUK7/g04Bhs296oBfUP+eua5sCg=,YMfzENrNXDK2qpsCzttkROfNuig=
-1095,255,nUK7/g04Bhs296oBfUP+eua5sCg=,YMfzENrNXDK2qpsCzttkROfNuig=
-1091,240,nUK7/g04Bhs296oBfUP+eua5sCg=,YMfzENrNXDK2qpsCzttkROfNuig=
-1096,255,nUK7/g04Bhs296oBfUP+eua5sCg=,YMfzENrNXDK2qpsCzttkROfNuig=
-1090,240,nUK7/g04Bhs296oBfUP+eua5sCg=,YMfzENrNXDK2qpsCzttkROfNuig=
-1097,255,nUK7/g04Bhs296oBfUP+eua5sCg=,YMfzENrNXDK2qpsCzttkROfNuig=
-1089,240,nUK7/g04Bhs296oBfUP+eua5sCg=,YMfzENrNXDK2qpsCzttkROfNuig=
-1098,255,nUK7/g04Bhs296oBfUP+eua5sCg=,YMfzENrNXDK2qpsCzttkROfNuig=
-1104,241,nUK7/g04Bhs296oBfUP+eua5sCg=,YMfzENrNXDK2qpsCzttkROfNuig=
-1100,255,nUK7/g04Bhs296oBfUP+eua5sCg=,YMfzENrNXDK2qpsCzttkROfNuig=
-1099,255,nUK7/g04Bhs296oBfUP+eua5sCg=,YMfzENrNXDK2qpsCzttkROfNuig=
-1103,241,nUK7/g04Bhs296oBfUP+eua5sCg=,YMfzENrNXDK2qpsCzttkROfNuig=
-1101,255,nUK7/g04Bhs296oBfUP+eua5sCg=,YMfzENrNXDK2qpsCzttkROfNuig=
-1102,241,nUK7/g04Bhs296oBfUP+eua5sCg=,YMfzENrNXDK2qpsCzttkROfNuig=
-1104,255,nUK7/g04Bhs296oBfUP+eua5sCg=,YMfzENrNXDK2qpsCzttkROfNuig=
-1101,241,nUK7/g04Bhs296oBfUP+eua5sCg=,YMfzENrNXDK2qpsCzttkROfNuig=
-1103,255,nUK7/g04Bhs296oBfUP+eua5sCg=,YMfzENrNXDK2qpsCzttkROfNuig=
-1102,255,nUK7/g04Bhs296oBfUP+eua5sCg=,YMfzENrNXDK2qpsCzttkROfNuig=
-1089,254,nUK7/g04Bhs296oBfUP+eua5sCg=,YMfzENrNXDK2qpsCzttkROfNuig=
-1090,254,nUK7/g04Bhs296oBfUP+eua5sCg=,YMfzENrNXDK2qpsCzttkROfNuig=
-1093,254,nUK7/g04Bhs296oBfUP+eua5sCg=,YMfzENrNXDK2qpsCzttkROfNuig=
-1099,241,nUK7/g04Bhs296oBfUP+eua5sCg=,YMfzENrNXDK2qpsCzttkROfNuig=
-1100,241,nUK7/g04Bhs296oBfUP+eua5sCg=,YMfzENrNXDK2qpsCzttkROfNuig=
-1098,241,nUK7/g04Bhs296oBfUP+eua5sCg=,YMfzENrNXDK2qpsCzttkROfNuig=
-1091,254,nUK7/g04Bhs296oBfUP+eua5sCg=,YMfzENrNXDK2qpsCzttkROfNuig=
-1094,254,nUK7/g04Bhs296oBfUP+eua5sCg=,YMfzENrNXDK2qpsCzttkROfNuig=
-1097,241,nUK7/g04Bhs296oBfUP+eua5sCg=,YMfzENrNXDK2qpsCzttkROfNuig=
-1096,241,nUK7/g04Bhs296oBfUP+eua5sCg=,YMfzENrNXDK2qpsCzttkROfNuig=
-1092,254,nUK7/g04Bhs296oBfUP+eua5sCg=,YMfzENrNXDK2qpsCzttkROfNuig=
-1095,254,nUK7/g04Bhs296oBfUP+eua5sCg=,YMfzENrNXDK2qpsCzttkROfNuig=
-1096,254,nUK7/g04Bhs296oBfUP+eua5sCg=,YMfzENrNXDK2qpsCzttkROfNuig=
-1097,254,nUK7/g04Bhs296oBfUP+eua5sCg=,YMfzENrNXDK2qpsCzttkROfNuig=
-1100,254,nUK7/g04Bhs296oBfUP+eua5sCg=,YMfzENrNXDK2qpsCzttkROfNuig=
-1098,254,nUK7/g04Bhs296oBfUP+eua5sCg=,YMfzENrNXDK2qpsCzttkROfNuig=
-1095,241,nUK7/g04Bhs296oBfUP+eua5sCg=,YMfzENrNXDK2qpsCzttkROfNuig=
-1099,254,nUK7/g04Bhs296oBfUP+eua5sCg=,YMfzENrNXDK2qpsCzttkROfNuig=
-1094,241,nUK7/g04Bhs296oBfUP+eua5sCg=,YMfzENrNXDK2qpsCzttkROfNuig=
-1101,254,nUK7/g04Bhs296oBfUP+eua5sCg=,YMfzENrNXDK2qpsCzttkROfNuig=
-1104,254,nUK7/g04Bhs296oBfUP+eua5sCg=,YMfzENrNXDK2qpsCzttkROfNuig=
-1093,241,nUK7/g04Bhs296oBfUP+eua5sCg=,YMfzENrNXDK2qpsCzttkROfNuig=
-1102,254,nUK7/g04Bhs296oBfUP+eua5sCg=,YMfzENrNXDK2qpsCzttkROfNuig=
-1092,241,nUK7/g04Bhs296oBfUP+eua5sCg=,YMfzENrNXDK2qpsCzttkROfNuig=
-1103,254,nUK7/g04Bhs296oBfUP+eua5sCg=,YMfzENrNXDK2qpsCzttkROfNuig=
-1091,253,nUK7/g04Bhs296oBfUP+eua5sCg=,YMfzENrNXDK2qpsCzttkROfNuig=
-1091,241,nUK7/g04Bhs296oBfUP+eua5sCg=,YMfzENrNXDK2qpsCzttkROfNuig=
-1089,253,nUK7/g04Bhs296oBfUP+eua5sCg=,YMfzENrNXDK2qpsCzttkROfNuig=
-1090,241,nUK7/g04Bhs296oBfUP+eua5sCg=,YMfzENrNXDK2qpsCzttkROfNuig=
-1094,253,nUK7/g04Bhs296oBfUP+eua5sCg=,YMfzENrNXDK2qpsCzttkROfNuig=
-1092,253,nUK7/g04Bhs296oBfUP+eua5sCg=,YMfzENrNXDK2qpsCzttkROfNuig=
-1093,253,nUK7/g04Bhs296oBfUP+eua5sCg=,YMfzENrNXDK2qpsCzttkROfNuig=
-1089,241,nUK7/g04Bhs296oBfUP+eua5sCg=,YMfzENrNXDK2qpsCzttkROfNuig=
-1090,253,nUK7/g04Bhs296oBfUP+eua5sCg=,YMfzENrNXDK2qpsCzttkROfNuig=
-1095,253,nUK7/g04Bhs296oBfUP+eua5sCg=,YMfzENrNXDK2qpsCzttkROfNuig=
-1096,253,nUK7/g04Bhs296oBfUP+eua5sCg=,YMfzENrNXDK2qpsCzttkROfNuig=
-1104,242,nUK7/g04Bhs296oBfUP+eua5sCg=,YMfzENrNXDK2qpsCzttkROfNuig=
-1098,253,nUK7/g04Bhs296oBfUP+eua5sCg=,YMfzENrNXDK2qpsCzttkROfNuig=
-1103,242,nUK7/g04Bhs296oBfUP+eua5sCg=,YMfzENrNXDK2qpsCzttkROfNuig=
-1101,253,nUK7/g04Bhs296oBfUP+eua5sCg=,YMfzENrNXDK2qpsCzttkROfNuig=
-1102,242,nUK7/g04Bhs296oBfUP+eua5sCg=,YMfzENrNXDK2qpsCzttkROfNuig=
-1097,253,nUK7/g04Bhs296oBfUP+eua5sCg=,YMfzENrNXDK2qpsCzttkROfNuig=
-1099,253,nUK7/g04Bhs296oBfUP+eua5sCg=,YMfzENrNXDK2qpsCzttkROfNuig=
-1102,253,nUK7/g04Bhs296oBfUP+eua5sCg=,YMfzENrNXDK2qpsCzttkROfNuig=
-1100,253,nUK7/g04Bhs296oBfUP+eua5sCg=,YMfzENrNXDK2qpsCzttkROfNuig=
-1101,242,nUK7/g04Bhs296oBfUP+eua5sCg=,YMfzENrNXDK2qpsCzttkROfNuig=
-1103,253,nUK7/g04Bhs296oBfUP+eua5sCg=,YMfzENrNXDK2qpsCzttkROfNuig=
-1089,252,nUK7/g04Bhs296oBfUP+eua5sCg=,YMfzENrNXDK2qpsCzttkROfNuig=
-1104,253,nUK7/g04Bhs296oBfUP+eua5sCg=,YMfzENrNXDK2qpsCzttkROfNuig=
-1100,242,nUK7/g04Bhs296oBfUP+eua5sCg=,YMfzENrNXDK2qpsCzttkROfNuig=
-1090,252,nUK7/g04Bhs296oBfUP+eua5sCg=,YMfzENrNXDK2qpsCzttkROfNuig=
-1099,242,nUK7/g04Bhs296oBfUP+eua5sCg=,YMfzENrNXDK2qpsCzttkROfNuig=
-1092,252,nUK7/g04Bhs296oBfUP+eua5sCg=,YMfzENrNXDK2qpsCzttkROfNuig=
-1091,252,nUK7/g04Bhs296oBfUP+eua5sCg=,YMfzENrNXDK2qpsCzttkROfNuig=
-1094,252,nUK7/g04Bhs296oBfUP+eua5sCg=,YMfzENrNXDK2qpsCzttkROfNuig=
-1095,252,nUK7/g04Bhs296oBfUP+eua5sCg=,YMfzENrNXDK2qpsCzttkROfNuig=
-1098,242,nUK7/g04Bhs296oBfUP+eua5sCg=,YMfzENrNXDK2qpsCzttkROfNuig=
-1093,252,nUK7/g04Bhs296oBfUP+eua5sCg=,YMfzENrNXDK2qpsCzttkROfNuig=
-1096,252,nUK7/g04Bhs296oBfUP+eua5sCg=,YMfzENrNXDK2qpsCzttkROfNuig=
-1098,252,nUK7/g04Bhs296oBfUP+eua5sCg=,YMfzENrNXDK2qpsCzttkROfNuig=
-1099,252,nUK7/g04Bhs296oBfUP+eua5sCg=,YMfzENrNXDK2qpsCzttkROfNuig=
-1097,242,nUK7/g04Bhs296oBfUP+eua5sCg=,YMfzENrNXDK2qpsCzttkROfNuig=
-1100,252,nUK7/g04Bhs296oBfUP+eua5sCg=,YMfzENrNXDK2qpsCzttkROfNuig=
-1097,252,nUK7/g04Bhs296oBfUP+eua5sCg=,YMfzENrNXDK2qpsCzttkROfNuig=
-1096,242,nUK7/g04Bhs296oBfUP+eua5sCg=,YMfzENrNXDK2qpsCzttkROfNuig=
-1103,252,nUK7/g04Bhs296oBfUP+eua5sCg=,YMfzENrNXDK2qpsCzttkROfNuig=
-1101,252,nUK7/g04Bhs296oBfUP+eua5sCg=,YMfzENrNXDK2qpsCzttkROfNuig=
-1102,252,nUK7/g04Bhs296oBfUP+eua5sCg=,YMfzENrNXDK2qpsCzttkROfNuig=
-1095,242,nUK7/g04Bhs296oBfUP+eua5sCg=,YMfzENrNXDK2qpsCzttkROfNuig=
-1090,251,nUK7/g04Bhs296oBfUP+eua5sCg=,YMfzENrNXDK2qpsCzttkROfNuig=
-1104,252,nUK7/g04Bhs296oBfUP+eua5sCg=,YMfzENrNXDK2qpsCzttkROfNuig=
-1091,251,nUK7/g04Bhs296oBfUP+eua5sCg=,YMfzENrNXDK2qpsCzttkROfNuig=
-1093,251,nUK7/g04Bhs296oBfUP+eua5sCg=,YMfzENrNXDK2qpsCzttkROfNuig=
-1094,251,nUK7/g04Bhs296oBfUP+eua5sCg=,YMfzENrNXDK2qpsCzttkROfNuig=
-1096,251,nUK7/g04Bhs296oBfUP+eua5sCg=,YMfzENrNXDK2qpsCzttkROfNuig=
-1095,251,nUK7/g04Bhs296oBfUP+eua5sCg=,YMfzENrNXDK2qpsCzttkROfNuig=
-1089,251,nUK7/g04Bhs296oBfUP+eua5sCg=,YMfzENrNXDK2qpsCzttkROfNuig=
-1098,251,nUK7/g04Bhs296oBfUP+eua5sCg=,YMfzENrNXDK2qpsCzttkROfNuig=
-1101,251,nUK7/g04Bhs296oBfUP+eua5sCg=,YMfzENrNXDK2qpsCzttkROfNuig=
-1099,251,nUK7/g04Bhs296oBfUP+eua5sCg=,YMfzENrNXDK2qpsCzttkROfNuig=
-1094,242,nUK7/g04Bhs296oBfUP+eua5sCg=,YMfzENrNXDK2qpsCzttkROfNuig=
-1100,251,nUK7/g04Bhs296oBfUP+eua5sCg=,YMfzENrNXDK2qpsCzttkROfNuig=
-1104,251,nUK7/g04Bhs296oBfUP+eua5sCg=,YMfzENrNXDK2qpsCzttkROfNuig=
-1097,251,nUK7/g04Bhs296oBfUP+eua5sCg=,YMfzENrNXDK2qpsCzttkROfNuig=
-1089,250,nUK7/g04Bhs296oBfUP+eua5sCg=,YMfzENrNXDK2qpsCzttkROfNuig=
-1093,242,nUK7/g04Bhs296oBfUP+eua5sCg=,YMfzENrNXDK2qpsCzttkROfNuig=
-1102,251,nUK7/g04Bhs296oBfUP+eua5sCg=,YMfzENrNXDK2qpsCzttkROfNuig=
-1103,251,nUK7/g04Bhs296oBfUP+eua5sCg=,YMfzENrNXDK2qpsCzttkROfNuig=
-1093,250,nUK7/g04Bhs296oBfUP+eua5sCg=,YMfzENrNXDK2qpsCzttkROfNuig=
-1092,251,nUK7/g04Bhs296oBfUP+eua5sCg=,YMfzENrNXDK2qpsCzttkROfNuig=
-1092,250,nUK7/g04Bhs296oBfUP+eua5sCg=,YMfzENrNXDK2qpsCzttkROfNuig=
-1090,250,nUK7/g04Bhs296oBfUP+eua5sCg=,YMfzENrNXDK2qpsCzttkROfNuig=
-1094,250,nUK7/g04Bhs296oBfUP+eua5sCg=,YMfzENrNXDK2qpsCzttkROfNuig=
-1096,250,nUK7/g04Bhs296oBfUP+eua5sCg=,YMfzENrNXDK2qpsCzttkROfNuig=
-1095,250,nUK7/g04Bhs296oBfUP+eua5sCg=,YMfzENrNXDK2qpsCzttkROfNuig=
-1098,250,nUK7/g04Bhs296oBfUP+eua5sCg=,YMfzENrNXDK2qpsCzttkROfNuig=
-1092,242,nUK7/g04Bhs296oBfUP+eua5sCg=,YMfzENrNXDK2qpsCzttkROfNuig=
-1097,250,nUK7/g04Bhs296oBfUP+eua5sCg=,YMfzENrNXDK2qpsCzttkROfNuig=
-1101,250,nUK7/g04Bhs296oBfUP+eua5sCg=,YMfzENrNXDK2qpsCzttkROfNuig=
-1099,250,nUK7/g04Bhs296oBfUP+eua5sCg=,YMfzENrNXDK2qpsCzttkROfNuig=
-1100,250,nUK7/g04Bhs296oBfUP+eua5sCg=,YMfzENrNXDK2qpsCzttkROfNuig=
-1091,250,nUK7/g04Bhs296oBfUP+eua5sCg=,YMfzENrNXDK2qpsCzttkROfNuig=
-1102,250,nUK7/g04Bhs296oBfUP+eua5sCg=,YMfzENrNXDK2qpsCzttkROfNuig=
-1091,242,nUK7/g04Bhs296oBfUP+eua5sCg=,YMfzENrNXDK2qpsCzttkROfNuig=
-1104,250,nUK7/g04Bhs296oBfUP+eua5sCg=,YMfzENrNXDK2qpsCzttkROfNuig=
-1103,250,nUK7/g04Bhs296oBfUP+eua5sCg=,YMfzENrNXDK2qpsCzttkROfNuig=
-1090,249,nUK7/g04Bhs296oBfUP+eua5sCg=,YMfzENrNXDK2qpsCzttkROfNuig=
-1092,249,nUK7/g04Bhs296oBfUP+eua5sCg=,YMfzENrNXDK2qpsCzttkROfNuig=
-1095,249,nUK7/g04Bhs296oBfUP+eua5sCg=,YMfzENrNXDK2qpsCzttkROfNuig=
-1091,249,nUK7/g04Bhs296oBfUP+eua5sCg=,YMfzENrNXDK2qpsCzttkROfNuig=
-1093,249,nUK7/g04Bhs296oBfUP+eua5sCg=,YMfzENrNXDK2qpsCzttkROfNuig=
-1097,249,nUK7/g04Bhs296oBfUP+eua5sCg=,YMfzENrNXDK2qpsCzttkROfNuig=
-1090,242,nUK7/g04Bhs296oBfUP+eua5sCg=,YMfzENrNXDK2qpsCzttkROfNuig=
-1096,249,nUK7/g04Bhs296oBfUP+eua5sCg=,YMfzENrNXDK2qpsCzttkROfNuig=
-1099,249,nUK7/g04Bhs296oBfUP+eua5sCg=,YMfzENrNXDK2qpsCzttkROfNuig=
-1098,249,nUK7/g04Bhs296oBfUP+eua5sCg=,YMfzENrNXDK2qpsCzttkROfNuig=
-1102,249,nUK7/g04Bhs296oBfUP+eua5sCg=,YMfzENrNXDK2qpsCzttkROfNuig=
-1103,249,nUK7/g04Bhs296oBfUP+eua5sCg=,YMfzENrNXDK2qpsCzttkROfNuig=
-1089,249,nUK7/g04Bhs296oBfUP+eua5sCg=,YMfzENrNXDK2qpsCzttkROfNuig=
-1094,249,nUK7/g04Bhs296oBfUP+eua5sCg=,YMfzENrNXDK2qpsCzttkROfNuig=
-1100,249,nUK7/g04Bhs296oBfUP+eua5sCg=,YMfzENrNXDK2qpsCzttkROfNuig=
-1089,242,nUK7/g04Bhs296oBfUP+eua5sCg=,YMfzENrNXDK2qpsCzttkROfNuig=
-1101,249,nUK7/g04Bhs296oBfUP+eua5sCg=,YMfzENrNXDK2qpsCzttkROfNuig=
-1104,249,nUK7/g04Bhs296oBfUP+eua5sCg=,YMfzENrNXDK2qpsCzttkROfNuig=
-1094,248,nUK7/g04Bhs296oBfUP+eua5sCg=,YMfzENrNXDK2qpsCzttkROfNuig=
-1093,248,nUK7/g04Bhs296oBfUP+eua5sCg=,YMfzENrNXDK2qpsCzttkROfNuig=
-1092,248,nUK7/g04Bhs296oBfUP+eua5sCg=,YMfzENrNXDK2qpsCzttkROfNuig=
-1091,248,nUK7/g04Bhs296oBfUP+eua5sCg=,YMfzENrNXDK2qpsCzttkROfNuig=
-1095,248,nUK7/g04Bhs296oBfUP+eua5sCg=,YMfzENrNXDK2qpsCzttkROfNuig=
-1104,243,nUK7/g04Bhs296oBfUP+eua5sCg=,YMfzENrNXDK2qpsCzttkROfNuig=
-1090,248,nUK7/g04Bhs296oBfUP+eua5sCg=,YMfzENrNXDK2qpsCzttkROfNuig=
-1089,248,nUK7/g04Bhs296oBfUP+eua5sCg=,YMfzENrNXDK2qpsCzttkROfNuig=
-1096,248,nUK7/g04Bhs296oBfUP+eua5sCg=,YMfzENrNXDK2qpsCzttkROfNuig=
-1103,248,nUK7/g04Bhs296oBfUP+eua5sCg=,YMfzENrNXDK2qpsCzttkROfNuig=
-1102,248,nUK7/g04Bhs296oBfUP+eua5sCg=,YMfzENrNXDK2qpsCzttkROfNuig=
-1101,248,nUK7/g04Bhs296oBfUP+eua5sCg=,YMfzENrNXDK2qpsCzttkROfNuig=
-1100,248,nUK7/g04Bhs296oBfUP+eua5sCg=,YMfzENrNXDK2qpsCzttkROfNuig=
-1104,248,nUK7/g04Bhs296oBfUP+eua5sCg=,YMfzENrNXDK2qpsCzttkROfNuig=
-1099,248,nUK7/g04Bhs296oBfUP+eua5sCg=,YMfzENrNXDK2qpsCzttkROfNuig=
-1097,248,nUK7/g04Bhs296oBfUP+eua5sCg=,YMfzENrNXDK2qpsCzttkROfNuig=
-1090,247,nUK7/g04Bhs296oBfUP+eua5sCg=,YMfzENrNXDK2qpsCzttkROfNuig=
-1103,243,nUK7/g04Bhs296oBfUP+eua5sCg=,YMfzENrNXDK2qpsCzttkROfNuig=
-1098,248,nUK7/g04Bhs296oBfUP+eua5sCg=,YMfzENrNXDK2qpsCzttkROfNuig=
-1092,247,nUK7/g04Bhs296oBfUP+eua5sCg=,YMfzENrNXDK2qpsCzttkROfNuig=
-1091,247,nUK7/g04Bhs296oBfUP+eua5sCg=,YMfzENrNXDK2qpsCzttkROfNuig=
-1094,247,nUK7/g04Bhs296oBfUP+eua5sCg=,YMfzENrNXDK2qpsCzttkROfNuig=
-1096,247,nUK7/g04Bhs296oBfUP+eua5sCg=,YMfzENrNXDK2qpsCzttkROfNuig=
-1089,247,nUK7/g04Bhs296oBfUP+eua5sCg=,YMfzENrNXDK2qpsCzttkROfNuig=
-1095,247,nUK7/g04Bhs296oBfUP+eua5sCg=,YMfzENrNXDK2qpsCzttkROfNuig=
-1093,247,nUK7/g04Bhs296oBfUP+eua5sCg=,YMfzENrNXDK2qpsCzttkROfNuig=
-1102,243,nUK7/g04Bhs296oBfUP+eua5sCg=,YMfzENrNXDK2qpsCzttkROfNuig=
-1100,247,nUK7/g04Bhs296oBfUP+eua5sCg=,YMfzENrNXDK2qpsCzttkROfNuig=
-1101,247,nUK7/g04Bhs296oBfUP+eua5sCg=,YMfzENrNXDK2qpsCzttkROfNuig=
-1090,246,nUK7/g04Bhs296oBfUP+eua5sCg=,YMfzENrNXDK2qpsCzttkROfNuig=
-1089,246,nUK7/g04Bhs296oBfUP+eua5sCg=,YMfzENrNXDK2qpsCzttkROfNuig=
-1098,247,nUK7/g04Bhs296oBfUP+eua5sCg=,YMfzENrNXDK2qpsCzttkROfNuig=
-1091,246,nUK7/g04Bhs296oBfUP+eua5sCg=,YMfzENrNXDK2qpsCzttkROfNuig=
-1097,247,nUK7/g04Bhs296oBfUP+eua5sCg=,YMfzENrNXDK2qpsCzttkROfNuig=
-1102,247,nUK7/g04Bhs296oBfUP+eua5sCg=,YMfzENrNXDK2qpsCzttkROfNuig=
-1103,247,nUK7/g04Bhs296oBfUP+eua5sCg=,YMfzENrNXDK2qpsCzttkROfNuig=
-1099,247,nUK7/g04Bhs296oBfUP+eua5sCg=,YMfzENrNXDK2qpsCzttkROfNuig=
-1092,246,nUK7/g04Bhs296oBfUP+eua5sCg=,YMfzENrNXDK2qpsCzttkROfNuig=
-1101,243,nUK7/g04Bhs296oBfUP+eua5sCg=,YMfzENrNXDK2qpsCzttkROfNuig=
-1097,246,nUK7/g04Bhs296oBfUP+eua5sCg=,YMfzENrNXDK2qpsCzttkROfNuig=
-1094,246,nUK7/g04Bhs296oBfUP+eua5sCg=,YMfzENrNXDK2qpsCzttkROfNuig=
-1093,246,nUK7/g04Bhs296oBfUP+eua5sCg=,YMfzENrNXDK2qpsCzttkROfNuig=
-1104,247,nUK7/g04Bhs296oBfUP+eua5sCg=,YMfzENrNXDK2qpsCzttkROfNuig=
-1096,246,nUK7/g04Bhs296oBfUP+eua5sCg=,YMfzENrNXDK2qpsCzttkROfNuig=
-1095,246,nUK7/g04Bhs296oBfUP+eua5sCg=,YMfzENrNXDK2qpsCzttkROfNuig=
-1102,246,nUK7/g04Bhs296oBfUP+eua5sCg=,YMfzENrNXDK2qpsCzttkROfNuig=
-1100,246,nUK7/g04Bhs296oBfUP+eua5sCg=,YMfzENrNXDK2qpsCzttkROfNuig=
-1104,246,nUK7/g04Bhs296oBfUP+eua5sCg=,YMfzENrNXDK2qpsCzttkROfNuig=
-1099,246,nUK7/g04Bhs296oBfUP+eua5sCg=,YMfzENrNXDK2qpsCzttkROfNuig=
-1093,245,nUK7/g04Bhs296oBfUP+eua5sCg=,YMfzENrNXDK2qpsCzttkROfNuig=
-1090,245,nUK7/g04Bhs296oBfUP+eua5sCg=,YMfzENrNXDK2qpsCzttkROfNuig=
-1098,245,nUK7/g04Bhs296oBfUP+eua5sCg=,YMfzENrNXDK2qpsCzttkROfNuig=
-1091,245,nUK7/g04Bhs296oBfUP+eua5sCg=,YMfzENrNXDK2qpsCzttkROfNuig=
-1101,246,nUK7/g04Bhs296oBfUP+eua5sCg=,YMfzENrNXDK2qpsCzttkROfNuig=
-1102,245,nUK7/g04Bhs296oBfUP+eua5sCg=,YMfzENrNXDK2qpsCzttkROfNuig=
-1096,245,nUK7/g04Bhs296oBfUP+eua5sCg=,YMfzENrNXDK2qpsCzttkROfNuig=
-1098,246,nUK7/g04Bhs296oBfUP+eua5sCg=,YMfzENrNXDK2qpsCzttkROfNuig=
-1089,244,nUK7/g04Bhs296oBfUP+eua5sCg=,YMfzENrNXDK2qpsCzttkROfNuig=
-1094,245,nUK7/g04Bhs296oBfUP+eua5sCg=,YMfzENrNXDK2qpsCzttkROfNuig=
-1089,245,nUK7/g04Bhs296oBfUP+eua5sCg=,YMfzENrNXDK2qpsCzttkROfNuig=
-1100,243,nUK7/g04Bhs296oBfUP+eua5sCg=,YMfzENrNXDK2qpsCzttkROfNuig=
-1093,244,nUK7/g04Bhs296oBfUP+eua5sCg=,YMfzENrNXDK2qpsCzttkROfNuig=
-1101,245,nUK7/g04Bhs296oBfUP+eua5sCg=,YMfzENrNXDK2qpsCzttkROfNuig=
-1099,245,nUK7/g04Bhs296oBfUP+eua5sCg=,YMfzENrNXDK2qpsCzttkROfNuig=
-1092,245,nUK7/g04Bhs296oBfUP+eua5sCg=,YMfzENrNXDK2qpsCzttkROfNuig=
-1092,244,nUK7/g04Bhs296oBfUP+eua5sCg=,YMfzENrNXDK2qpsCzttkROfNuig=
-1103,246,nUK7/g04Bhs296oBfUP+eua5sCg=,YMfzENrNXDK2qpsCzttkROfNuig=
-1097,245,nUK7/g04Bhs296oBfUP+eua5sCg=,YMfzENrNXDK2qpsCzttkROfNuig=
-1095,244,nUK7/g04Bhs296oBfUP+eua5sCg=,YMfzENrNXDK2qpsCzttkROfNuig=
-1091,244,nUK7/g04Bhs296oBfUP+eua5sCg=,YMfzENrNXDK2qpsCzttkROfNuig=
-1104,245,nUK7/g04Bhs296oBfUP+eua5sCg=,YMfzENrNXDK2qpsCzttkROfNuig=
-1090,244,nUK7/g04Bhs296oBfUP+eua5sCg=,YMfzENrNXDK2qpsCzttkROfNuig=
-1101,244,nUK7/g04Bhs296oBfUP+eua5sCg=,YMfzENrNXDK2qpsCzttkROfNuig=
-1103,245,nUK7/g04Bhs296oBfUP+eua5sCg=,YMfzENrNXDK2qpsCzttkROfNuig=
-1102,244,nUK7/g04Bhs296oBfUP+eua5sCg=,YMfzENrNXDK2qpsCzttkROfNuig=
-1094,244,nUK7/g04Bhs296oBfUP+eua5sCg=,YMfzENrNXDK2qpsCzttkROfNuig=
-1095,243,nUK7/g04Bhs296oBfUP+eua5sCg=,YMfzENrNXDK2qpsCzttkROfNuig=
-1096,243,nUK7/g04Bhs296oBfUP+eua5sCg=,YMfzENrNXDK2qpsCzttkROfNuig=
-1097,244,nUK7/g04Bhs296oBfUP+eua5sCg=,YMfzENrNXDK2qpsCzttkROfNuig=
-1091,243,nUK7/g04Bhs296oBfUP+eua5sCg=,YMfzENrNXDK2qpsCzttkROfNuig=
-1099,243,nUK7/g04Bhs296oBfUP+eua5sCg=,YMfzENrNXDK2qpsCzttkROfNuig=
-1098,244,nUK7/g04Bhs296oBfUP+eua5sCg=,YMfzENrNXDK2qpsCzttkROfNuig=
-1103,244,nUK7/g04Bhs296oBfUP+eua5sCg=,YMfzENrNXDK2qpsCzttkROfNuig=
-1099,244,nUK7/g04Bhs296oBfUP+eua5sCg=,YMfzENrNXDK2qpsCzttkROfNuig=
-1097,243,nUK7/g04Bhs296oBfUP+eua5sCg=,YMfzENrNXDK2qpsCzttkROfNuig=
-1094,243,nUK7/g04Bhs296oBfUP+eua5sCg=,YMfzENrNXDK2qpsCzttkROfNuig=
-1104,244,nUK7/g04Bhs296oBfUP+eua5sCg=,YMfzENrNXDK2qpsCzttkROfNuig=
-1096,244,nUK7/g04Bhs296oBfUP+eua5sCg=,YMfzENrNXDK2qpsCzttkROfNuig=
-1090,243,nUK7/g04Bhs296oBfUP+eua5sCg=,YMfzENrNXDK2qpsCzttkROfNuig=
-1093,243,nUK7/g04Bhs296oBfUP+eua5sCg=,YMfzENrNXDK2qpsCzttkROfNuig=
-1092,243,nUK7/g04Bhs296oBfUP+eua5sCg=,YMfzENrNXDK2qpsCzttkROfNuig=
-1100,244,nUK7/g04Bhs296oBfUP+eua5sCg=,YMfzENrNXDK2qpsCzttkROfNuig=
-1100,245,nUK7/g04Bhs296oBfUP+eua5sCg=,YMfzENrNXDK2qpsCzttkROfNuig=
-1098,243,nUK7/g04Bhs296oBfUP+eua5sCg=,YMfzENrNXDK2qpsCzttkROfNuig=
-1095,245,nUK7/g04Bhs296oBfUP+eua5sCg=,YMfzENrNXDK2qpsCzttkROfNuig=
-1089,243,nUK7/g04Bhs296oBfUP+eua5sCg=,YMfzENrNXDK2qpsCzttkROfNuig=
