1263,559,WFjZwQCrtZ4fG8IJ02dz6fVeaZI=,WLMN3YbU0nsurqFRuuBEXqJrD7A=
1262,559,WFjZwQCrtZ4fG8IJ02dz6fVeaZI=,WLMN3YbU0nsurqFRuuBEXqJrD7A=
1261,559,WFjZwQCrtZ4fG8IJ02dz6fVeaZI=,WLMN3YbU0nsurqFRuuBEXqJrD7A=
1258,559,WFjZwQCrtZ4fG8IJ02dz6fVeaZI=,WLMN3YbU0nsurqFRuuBEXqJrD7A=
1257,559,WFjZwQCrtZ4fG8IJ02dz6fVeaZI=,WLMN3YbU0nsurqFRuuBEXqJrD7A=
1260,559,WFjZwQCrtZ4fG8IJ02dz6fVeaZI=,WLMN3YbU0nsurqFRuuBEXqJrD7A=
1259,559,WFjZwQCrtZ4fG8IJ02dz6fVeaZI=,WLMN3YbU0nsurqFRuuBEXqJrD7A=
1256,559,WFjZwQCrtZ4fG8IJ02dz6fVeaZI=,WLMN3YbU0nsurqFRuuBEXqJrD7A=
1254,559,WFjZwQCrtZ4fG8IJ02dz6fVeaZI=,WLMN3YbU0nsurqFRuuBEXqJrD7A=
1255,559,WFjZwQCrtZ4fG8IJ02dz6fVeaZI=,WLMN3YbU0nsurqFRuuBEXqJrD7A=
1252,559,WFjZwQCrtZ4fG8IJ02dz6fVeaZI=,WLMN3YbU0nsurqFRuuBEXqJrD7A=
1253,559,WFjZwQCrtZ4fG8IJ02dz6fVeaZI=,WLMN3YbU0nsurqFRuuBEXqJrD7A=
1263,558,WFjZwQCrtZ4fG8IJ02dz6fVeaZI=,WLMN3YbU0nsurqFRuuBEXqJrD7A=
1262,558,WFjZwQCrtZ4fG8IJ02dz6fVeaZI=,WLMN3YbU0nsurqFRuuBEXqJrD7A=
1261,558,WFjZwQCrtZ4fG8IJ02dz6fVeaZI=,WLMN3YbU0nsurqFRuuBEXqJrD7A=
1260,558,WFjZwQCrtZ4fG8IJ02dz6fVeaZI=,WLMN3YbU0nsurqFRuuBEXqJrD7A=
1259,558,WFjZwQCrtZ4fG8IJ02dz6fVeaZI=,WLMN3YbU0nsurqFRuuBEXqJrD7A=
1256,558,WFjZwQCrtZ4fG8IJ02dz6fVeaZI=,WLMN3YbU0nsurqFRuuBEXqJrD7A=
1257,558,WFjZwQCrtZ4fG8IJ02dz6fVeaZI=,WLMN3YbU0nsurqFRuuBEXqJrD7A=
1258,558,WFjZwQCrtZ4fG8IJ02dz6fVeaZI=,WLMN3YbU0nsurqFRuuBEXqJrD7A=
1255,558,WFjZwQCrtZ4fG8IJ02dz6fVeaZI=,WLMN3YbU0nsurqFRuuBEXqJrD7A=
1254,558,WFjZwQCrtZ4fG8IJ02dz6fVeaZI=,WLMN3YbU0nsurqFRuuBEXqJrD7A=
1263,557,WFjZwQCrtZ4fG8IJ02dz6fVeaZI=,WLMN3YbU0nsurqFRuuBEXqJrD7A=
1253,558,WFjZwQCrtZ4fG8IJ02dz6fVeaZI=,WLMN3YbU0nsurqFRuuBEXqJrD7A=
1252,558,WFjZwQCrtZ4fG8IJ02dz6fVeaZI=,WLMN3YbU0nsurqFRuuBEXqJrD7A=
1260,557,WFjZwQCrtZ4fG8IJ02dz6fVeaZI=,WLMN3YbU0nsurqFRuuBEXqJrD7A=
1262,557,WFjZwQCrtZ4fG8IJ02dz6fVeaZI=,WLMN3YbU0nsurqFRuuBEXqJrD7A=
1259,557,WFjZwQCrtZ4fG8IJ02dz6fVeaZI=,WLMN3YbU0nsurqFRuuBEXqJrD7A=
1258,557,WFjZwQCrtZ4fG8IJ02dz6fVeaZI=,WLMN3YbU0nsurqFRuuBEXqJrD7A=
1254,557,WFjZwQCrtZ4fG8IJ02dz6fVeaZI=,WLMN3YbU0nsurqFRuuBEXqJrD7A=
1257,557,WFjZwQCrtZ4fG8IJ02dz6fVeaZI=,WLMN3YbU0nsurqFRuuBEXqJrD7A=
1261,557,WFjZwQCrtZ4fG8IJ02dz6fVeaZI=,WLMN3YbU0nsurqFRuuBEXqJrD7A=
1255,557,WFjZwQCrtZ4fG8IJ02dz6fVeaZI=,WLMN3YbU0nsurqFRuuBEXqJrD7A=
1253,557,WFjZwQCrtZ4fG8IJ02dz6fVeaZI=,WLMN3YbU0nsurqFRuuBEXqJrD7A=
1252,557,WFjZwQCrtZ4fG8IJ02dz6fVeaZI=,WLMN3YbU0nsurqFRuuBEXqJrD7A=
1263,556,WFjZwQCrtZ4fG8IJ02dz6fVeaZI=,WLMN3YbU0nsurqFRuuBEXqJrD7A=
1262,556,WFjZwQCrtZ4fG8IJ02dz6fVeaZI=,WLMN3YbU0nsurqFRuuBEXqJrD7A=
1256,557,WFjZwQCrtZ4fG8IJ02dz6fVeaZI=,WLMN3YbU0nsurqFRuuBEXqJrD7A=
1261,556,WFjZwQCrtZ4fG8IJ02dz6fVeaZI=,WLMN3YbU0nsurqFRuuBEXqJrD7A=
1259,556,WFjZwQCrtZ4fG8IJ02dz6fVeaZI=,WLMN3YbU0nsurqFRuuBEXqJrD7A=
1256,556,WFjZwQCrtZ4fG8IJ02dz6fVeaZI=,WLMN3YbU0nsurqFRuuBEXqJrD7A=
1257,556,WFjZwQCrtZ4fG8IJ02dz6fVeaZI=,WLMN3YbU0nsurqFRuuBEXqJrD7A=
1255,556,WFjZwQCrtZ4fG8IJ02dz6fVeaZI=,WLMN3YbU0nsurqFRuuBEXqJrD7A=
1258,556,WFjZwQCrtZ4fG8IJ02dz6fVeaZI=,WLMN3YbU0nsurqFRuuBEXqJrD7A=
1253,556,WFjZwQCrtZ4fG8IJ02dz6fVeaZI=,WLMN3YbU0nsurqFRuuBEXqJrD7A=
1254,556,WFjZwQCrtZ4fG8IJ02dz6fVeaZI=,WLMN3YbU0nsurqFRuuBEXqJrD7A=
1260,556,WFjZwQCrtZ4fG8IJ02dz6fVeaZI=,WLMN3YbU0nsurqFRuuBEXqJrD7A=
1252,556,WFjZwQCrtZ4fG8IJ02dz6fVeaZI=,WLMN3YbU0nsurqFRuuBEXqJrD7A=
1249,556,WFjZwQCrtZ4fG8IJ02dz6fVeaZI=,WLMN3YbU0nsurqFRuuBEXqJrD7A=
1262,555,WFjZwQCrtZ4fG8IJ02dz6fVeaZI=,WLMN3YbU0nsurqFRuuBEXqJrD7A=
1250,557,WFjZwQCrtZ4fG8IJ02dz6fVeaZI=,WLMN3YbU0nsurqFRuuBEXqJrD7A=
1261,555,WFjZwQCrtZ4fG8IJ02dz6fVeaZI=,WLMN3YbU0nsurqFRuuBEXqJrD7A=
1248,544,WFjZwQCrtZ4fG8IJ02dz6fVeaZI=,WLMN3YbU0nsurqFRuuBEXqJrD7A=
1254,555,WFjZwQCrtZ4fG8IJ02dz6fVeaZI=,WLMN3YbU0nsurqFRuuBEXqJrD7A=
1255,555,WFjZwQCrtZ4fG8IJ02dz6fVeaZI=,WLMN3YbU0nsurqFRuuBEXqJrD7A=
1252,555,WFjZwQCrtZ4fG8IJ02dz6fVeaZI=,WLMN3YbU0nsurqFRuuBEXqJrD7A=
1253,555,WFjZwQCrtZ4fG8IJ02dz6fVeaZI=,WLMN3YbU0nsurqFRuuBEXqJrD7A=
1248,558,WFjZwQCrtZ4fG8IJ02dz6fVeaZI=,WLMN3YbU0nsurqFRuuBEXqJrD7A=
1263,555,WFjZwQCrtZ4fG8IJ02dz6fVeaZI=,WLMN3YbU0nsurqFRuuBEXqJrD7A=
1260,555,WFjZwQCrtZ4fG8IJ02dz6fVeaZI=,WLMN3YbU0nsurqFRuuBEXqJrD7A=
1249,544,WFjZwQCrtZ4fG8IJ02dz6fVeaZI=,WLMN3YbU0nsurqFRuuBEXqJrD7A=
1248,556,WFjZwQCrtZ4fG8IJ02dz6fVeaZI=,WLMN3YbU0nsurqFRuuBEXqJrD7A=
1251,559,WFjZwQCrtZ4fG8IJ02dz6fVeaZI=,WLMN3YbU0nsurqFRuuBEXqJrD7A=
1250,558,WFjZwQCrtZ4fG8IJ02dz6fVeaZI=,WLMN3YbU0nsurqFRuuBEXqJrD7A=
1251,557,WFjZwQCrtZ4fG8IJ02dz6fVeaZI=,WLMN3YbU0nsurqFRuuBEXqJrD7A=
1250,559,WFjZwQCrtZ4fG8IJ02dz6fVeaZI=,WLMN3YbU0nsurqFRuuBEXqJrD7A=
1250,556,WFjZwQCrtZ4fG8IJ02dz6fVeaZI=,WLMN3YbU0nsurqFRuuBEXqJrD7A=
1251,558,WFjZwQCrtZ4fG8IJ02dz6fVeaZI=,WLMN3YbU0nsurqFRuuBEXqJrD7A=
1255,554,WFjZwQCrtZ4fG8IJ02dz6fVeaZI=,WLMN3YbU0nsurqFRuuBEXqJrD7A=
1254,554,WFjZwQCrtZ4fG8IJ02dz6fVeaZI=,WLMN3YbU0nsurqFRuuBEXqJrD7A=
1253,554,WFjZwQCrtZ4fG8IJ02dz6fVeaZI=,WLMN3YbU0nsurqFRuuBEXqJrD7A=
1249,557,WFjZwQCrtZ4fG8IJ02dz6fVeaZI=,WLMN3YbU0nsurqFRuuBEXqJrD7A=
1252,554,WFjZwQCrtZ4fG8IJ02dz6fVeaZI=,WLMN3YbU0nsurqFRuuBEXqJrD7A=
1250,544,WFjZwQCrtZ4fG8IJ02dz6fVeaZI=,WLMN3YbU0nsurqFRuuBEXqJrD7A=
1249,558,WFjZwQCrtZ4fG8IJ02dz6fVeaZI=,WLMN3YbU0nsurqFRuuBEXqJrD7A=
1248,559,WFjZwQCrtZ4fG8IJ02dz6fVeaZI=,WLMN3YbU0nsurqFRuuBEXqJrD7A=
1259,555,WFjZwQCrtZ4fG8IJ02dz6fVeaZI=,WLMN3YbU0nsurqFRuuBEXqJrD7A=
1248,557,WFjZwQCrtZ4fG8IJ02dz6fVeaZI=,WLMN3YbU0nsurqFRuuBEXqJrD7A=
1249,559,WFjZwQCrtZ4fG8IJ02dz6fVeaZI=,WLMN3YbU0nsurqFRuuBEXqJrD7A=
1257,555,WFjZwQCrtZ4fG8IJ02dz6fVeaZI=,WLMN3YbU0nsurqFRuuBEXqJrD7A=
1251,556,WFjZwQCrtZ4fG8IJ02dz6fVeaZI=,WLMN3YbU0nsurqFRuuBEXqJrD7A=
1249,555,WFjZwQCrtZ4fG8IJ02dz6fVeaZI=,WLMN3YbU0nsurqFRuuBEXqJrD7A=
1256,555,WFjZwQCrtZ4fG8IJ02dz6fVeaZI=,WLMN3YbU0nsurqFRuuBEXqJrD7A=
1248,555,WFjZwQCrtZ4fG8IJ02dz6fVeaZI=,WLMN3YbU0nsurqFRuuBEXqJrD7A=
1254,553,WFjZwQCrtZ4fG8IJ02dz6fVeaZI=,WLMN3YbU0nsurqFRuuBEXqJrD7A=
1255,553,WFjZwQCrtZ4fG8IJ02dz6fVeaZI=,WLMN3YbU0nsurqFRuuBEXqJrD7A=
1263,554,WFjZwQCrtZ4fG8IJ02dz6fVeaZI=,WLMN3YbU0nsurqFRuuBEXqJrD7A=
1252,553,WFjZwQCrtZ4fG8IJ02dz6fVeaZI=,WLMN3YbU0nsurqFRuuBEXqJrD7A=
1253,553,WFjZwQCrtZ4fG8IJ02dz6fVeaZI=,WLMN3YbU0nsurqFRuuBEXqJrD7A=
1262,554,WFjZwQCrtZ4fG8IJ02dz6fVeaZI=,WLMN3YbU0nsurqFRuuBEXqJrD7A=
1250,555,WFjZwQCrtZ4fG8IJ02dz6fVeaZI=,WLMN3YbU0nsurqFRuuBEXqJrD7A=
1251,555,WFjZwQCrtZ4fG8IJ02dz6fVeaZI=,WLMN3YbU0nsurqFRuuBEXqJrD7A=
1262,553,WFjZwQCrtZ4fG8IJ02dz6fVeaZI=,WLMN3YbU0nsurqFRuuBEXqJrD7A=
1251,554,WFjZwQCrtZ4fG8IJ02dz6fVeaZI=,WLMN3YbU0nsurqFRuuBEXqJrD7A=
1261,554,WFjZwQCrtZ4fG8IJ02dz6fVeaZI=,WLMN3YbU0nsurqFRuuBEXqJrD7A=
1257,554,WFjZwQCrtZ4fG8IJ02dz6fVeaZI=,WLMN3YbU0nsurqFRuuBEXqJrD7A=
1259,554,WFjZwQCrtZ4fG8IJ02dz6fVeaZI=,WLMN3YbU0nsurqFRuuBEXqJrD7A=
1258,555,WFjZwQCrtZ4fG8IJ02dz6fVeaZI=,WLMN3YbU0nsurqFRuuBEXqJrD7A=
1260,554,WFjZwQCrtZ4fG8IJ02dz6fVeaZI=,WLMN3YbU0nsurqFRuuBEXqJrD7A=
1258,554,WFjZwQCrtZ4fG8IJ02dz6fVeaZI=,WLMN3YbU0nsurqFRuuBEXqJrD7A=
1255,552,WFjZwQCrtZ4fG8IJ02dz6fVeaZI=,WLMN3YbU0nsurqFRuuBEXqJrD7A=
1256,554,WFjZwQCrtZ4fG8IJ02dz6fVeaZI=,WLMN3YbU0nsurqFRuuBEXqJrD7A=
1254,552,WFjZwQCrtZ4fG8IJ02dz6fVeaZI=,WLMN3YbU0nsurqFRuuBEXqJrD7A=
1253,552,WFjZwQCrtZ4fG8IJ02dz6fVeaZI=,WLMN3YbU0nsurqFRuuBEXqJrD7A=
1249,554,WFjZwQCrtZ4fG8IJ02dz6fVeaZI=,WLMN3YbU0nsurqFRuuBEXqJrD7A=
1258,553,WFjZwQCrtZ4fG8IJ02dz6fVeaZI=,WLMN3YbU0nsurqFRuuBEXqJrD7A=
1252,552,WFjZwQCrtZ4fG8IJ02dz6fVeaZI=,WLMN3YbU0nsurqFRuuBEXqJrD7A=
1251,544,WFjZwQCrtZ4fG8IJ02dz6fVeaZI=,WLMN3YbU0nsurqFRuuBEXqJrD7A=
1249,553,WFjZwQCrtZ4fG8IJ02dz6fVeaZI=,WLMN3YbU0nsurqFRuuBEXqJrD7A=
1248,554,WFjZwQCrtZ4fG8IJ02dz6fVeaZI=,WLMN3YbU0nsurqFRuuBEXqJrD7A=
1250,554,WFjZwQCrtZ4fG8IJ02dz6fVeaZI=,WLMN3YbU0nsurqFRuuBEXqJrD7A=
1256,553,WFjZwQCrtZ4fG8IJ02dz6fVeaZI=,WLMN3YbU0nsurqFRuuBEXqJrD7A=
1251,553,WFjZwQCrtZ4fG8IJ02dz6fVeaZI=,WLMN3YbU0nsurqFRuuBEXqJrD7A=
1261,553,WFjZwQCrtZ4fG8IJ02dz6fVeaZI=,WLMN3YbU0nsurqFRuuBEXqJrD7A=
1262,552,WFjZwQCrtZ4fG8IJ02dz6fVeaZI=,WLMN3YbU0nsurqFRuuBEXqJrD7A=
1260,553,WFjZwQCrtZ4fG8IJ02dz6fVeaZI=,WLMN3YbU0nsurqFRuuBEXqJrD7A=
1263,552,WFjZwQCrtZ4fG8IJ02dz6fVeaZI=,WLMN3YbU0nsurqFRuuBEXqJrD7A=
1250,553,WFjZwQCrtZ4fG8IJ02dz6fVeaZI=,WLMN3YbU0nsurqFRuuBEXqJrD7A=
1248,552,WFjZwQCrtZ4fG8IJ02dz6fVeaZI=,WLMN3YbU0nsurqFRuuBEXqJrD7A=
1261,552,WFjZwQCrtZ4fG8IJ02dz6fVeaZI=,WLMN3YbU0nsurqFRuuBEXqJrD7A=
1258,552,WFjZwQCrtZ4fG8IJ02dz6fVeaZI=,WLMN3YbU0nsurqFRuuBEXqJrD7A=
1259,552,WFjZwQCrtZ4fG8IJ02dz6fVeaZI=,WLMN3YbU0nsurqFRuuBEXqJrD7A=
1250,552,WFjZwQCrtZ4fG8IJ02dz6fVeaZI=,WLMN3YbU0nsurqFRuuBEXqJrD7A=
1260,551,WFjZwQCrtZ4fG8IJ02dz6fVeaZI=,WLMN3YbU0nsurqFRuuBEXqJrD7A=
1249,552,WFjZwQCrtZ4fG8IJ02dz6fVeaZI=,WLMN3YbU0nsurqFRuuBEXqJrD7A=
1256,551,WFjZwQCrtZ4fG8IJ02dz6fVeaZI=,WLMN3YbU0nsurqFRuuBEXqJrD7A=
1248,553,WFjZwQCrtZ4fG8IJ02dz6fVeaZI=,WLMN3YbU0nsurqFRuuBEXqJrD7A=
1260,552,WFjZwQCrtZ4fG8IJ02dz6fVeaZI=,WLMN3YbU0nsurqFRuuBEXqJrD7A=
1263,551,WFjZwQCrtZ4fG8IJ02dz6fVeaZI=,WLMN3YbU0nsurqFRuuBEXqJrD7A=
1259,551,WFjZwQCrtZ4fG8IJ02dz6fVeaZI=,WLMN3YbU0nsurqFRuuBEXqJrD7A=
1254,551,WFjZwQCrtZ4fG8IJ02dz6fVeaZI=,WLMN3YbU0nsurqFRuuBEXqJrD7A=
1252,544,WFjZwQCrtZ4fG8IJ02dz6fVeaZI=,WLMN3YbU0nsurqFRuuBEXqJrD7A=
1252,551,WFjZwQCrtZ4fG8IJ02dz6fVeaZI=,WLMN3YbU0nsurqFRuuBEXqJrD7A=
1261,551,WFjZwQCrtZ4fG8IJ02dz6fVeaZI=,WLMN3YbU0nsurqFRuuBEXqJrD7A=
1257,552,WFjZwQCrtZ4fG8IJ02dz6fVeaZI=,WLMN3YbU0nsurqFRuuBEXqJrD7A=
1251,552,WFjZwQCrtZ4fG8IJ02dz6fVeaZI=,WLMN3YbU0nsurqFRuuBEXqJrD7A=
1251,551,WFjZwQCrtZ4fG8IJ02dz6fVeaZI=,WLMN3YbU0nsurqFRuuBEXqJrD7A=
1258,551,WFjZwQCrtZ4fG8IJ02dz6fVeaZI=,WLMN3YbU0nsurqFRuuBEXqJrD7A=
1255,551,WFjZwQCrtZ4fG8IJ02dz6fVeaZI=,WLMN3YbU0nsurqFRuuBEXqJrD7A=
1256,552,WFjZwQCrtZ4fG8IJ02dz6fVeaZI=,WLMN3YbU0nsurqFRuuBEXqJrD7A=
1263,550,WFjZwQCrtZ4fG8IJ02dz6fVeaZI=,WLMN3YbU0nsurqFRuuBEXqJrD7A=
1248,551,WFjZwQCrtZ4fG8IJ02dz6fVeaZI=,WLMN3YbU0nsurqFRuuBEXqJrD7A=
1249,551,WFjZwQCrtZ4fG8IJ02dz6fVeaZI=,WLMN3YbU0nsurqFRuuBEXqJrD7A=
1262,551,WFjZwQCrtZ4fG8IJ02dz6fVeaZI=,WLMN3YbU0nsurqFRuuBEXqJrD7A=
1253,551,WFjZwQCrtZ4fG8IJ02dz6fVeaZI=,WLMN3YbU0nsurqFRuuBEXqJrD7A=
1258,550,WFjZwQCrtZ4fG8IJ02dz6fVeaZI=,WLMN3YbU0nsurqFRuuBEXqJrD7A=
1259,553,WFjZwQCrtZ4fG8IJ02dz6fVeaZI=,WLMN3YbU0nsurqFRuuBEXqJrD7A=
1259,549,WFjZwQCrtZ4fG8IJ02dz6fVeaZI=,WLMN3YbU0nsurqFRuuBEXqJrD7A=
1250,551,WFjZwQCrtZ4fG8IJ02dz6fVeaZI=,WLMN3YbU0nsurqFRuuBEXqJrD7A=
1257,551,WFjZwQCrtZ4fG8IJ02dz6fVeaZI=,WLMN3YbU0nsurqFRuuBEXqJrD7A=
1263,553,WFjZwQCrtZ4fG8IJ02dz6fVeaZI=,WLMN3YbU0nsurqFRuuBEXqJrD7A=
1262,550,WFjZwQCrtZ4fG8IJ02dz6fVeaZI=,WLMN3YbU0nsurqFRuuBEXqJrD7A=
1257,550,WFjZwQCrtZ4fG8IJ02dz6fVeaZI=,WLMN3YbU0nsurqFRuuBEXqJrD7A=
1256,550,WFjZwQCrtZ4fG8IJ02dz6fVeaZI=,WLMN3YbU0nsurqFRuuBEXqJrD7A=
1259,550,WFjZwQCrtZ4fG8IJ02dz6fVeaZI=,WLMN3YbU0nsurqFRuuBEXqJrD7A=
1253,544,WFjZwQCrtZ4fG8IJ02dz6fVeaZI=,WLMN3YbU0nsurqFRuuBEXqJrD7A=
1261,550,WFjZwQCrtZ4fG8IJ02dz6fVeaZI=,WLMN3YbU0nsurqFRuuBEXqJrD7A=
1260,550,WFjZwQCrtZ4fG8IJ02dz6fVeaZI=,WLMN3YbU0nsurqFRuuBEXqJrD7A=
1249,550,WFjZwQCrtZ4fG8IJ02dz6fVeaZI=,WLMN3YbU0nsurqFRuuBEXqJrD7A=
1254,550,WFjZwQCrtZ4fG8IJ02dz6fVeaZI=,WLMN3YbU0nsurqFRuuBEXqJrD7A=
1253,550,WFjZwQCrtZ4fG8IJ02dz6fVeaZI=,WLMN3YbU0nsurqFRuuBEXqJrD7A=
1261,549,WFjZwQCrtZ4fG8IJ02dz6fVeaZI=,WLMN3YbU0nsurqFRuuBEXqJrD7A=
1262,549,WFjZwQCrtZ4fG8IJ02dz6fVeaZI=,WLMN3YbU0nsurqFRuuBEXqJrD7A=
1257,553,WFjZwQCrtZ4fG8IJ02dz6fVeaZI=,WLMN3YbU0nsurqFRuuBEXqJrD7A=
1252,550,WFjZwQCrtZ4fG8IJ02dz6fVeaZI=,WLMN3YbU0nsurqFRuuBEXqJrD7A=
1248,550,WFjZwQCrtZ4fG8IJ02dz6fVeaZI=,WLMN3YbU0nsurqFRuuBEXqJrD7A=
1260,549,WFjZwQCrtZ4fG8IJ02dz6fVeaZI=,WLMN3YbU0nsurqFRuuBEXqJrD7A=
1249,549,WFjZwQCrtZ4fG8IJ02dz6fVeaZI=,WLMN3YbU0nsurqFRuuBEXqJrD7A=
1255,549,WFjZwQCrtZ4fG8IJ02dz6fVeaZI=,WLMN3YbU0nsurqFRuuBEXqJrD7A=
1251,550,WFjZwQCrtZ4fG8IJ02dz6fVeaZI=,WLMN3YbU0nsurqFRuuBEXqJrD7A=
1263,549,WFjZwQCrtZ4fG8IJ02dz6fVeaZI=,WLMN3YbU0nsurqFRuuBEXqJrD7A=
1254,549,WFjZwQCrtZ4fG8IJ02dz6fVeaZI=,WLMN3YbU0nsurqFRuuBEXqJrD7A=
1251,549,WFjZwQCrtZ4fG8IJ02dz6fVeaZI=,WLMN3YbU0nsurqFRuuBEXqJrD7A=
1258,549,WFjZwQCrtZ4fG8IJ02dz6fVeaZI=,WLMN3YbU0nsurqFRuuBEXqJrD7A=
1248,549,WFjZwQCrtZ4fG8IJ02dz6fVeaZI=,WLMN3YbU0nsurqFRuuBEXqJrD7A=
1253,549,WFjZwQCrtZ4fG8IJ02dz6fVeaZI=,WLMN3YbU0nsurqFRuuBEXqJrD7A=
1260,548,WFjZwQCrtZ4fG8IJ02dz6fVeaZI=,WLMN3YbU0nsurqFRuuBEXqJrD7A=
1256,549,WFjZwQCrtZ4fG8IJ02dz6fVeaZI=,WLMN3YbU0nsurqFRuuBEXqJrD7A=
1259,548,WFjZwQCrtZ4fG8IJ02dz6fVeaZI=,WLMN3YbU0nsurqFRuuBEXqJrD7A=
1258,548,WFjZwQCrtZ4fG8IJ02dz6fVeaZI=,WLMN3YbU0nsurqFRuuBEXqJrD7A=
1250,549,WFjZwQCrtZ4fG8IJ02dz6fVeaZI=,WLMN3YbU0nsurqFRuuBEXqJrD7A=
1254,544,WFjZwQCrtZ4fG8IJ02dz6fVeaZI=,WLMN3YbU0nsurqFRuuBEXqJrD7A=
1256,548,WFjZwQCrtZ4fG8IJ02dz6fVeaZI=,WLMN3YbU0nsurqFRuuBEXqJrD7A=
1250,548,WFjZwQCrtZ4fG8IJ02dz6fVeaZI=,WLMN3YbU0nsurqFRuuBEXqJrD7A=
1253,548,WFjZwQCrtZ4fG8IJ02dz6fVeaZI=,WLMN3YbU0nsurqFRuuBEXqJrD7A=
1263,548,WFjZwQCrtZ4fG8IJ02dz6fVeaZI=,WLMN3YbU0nsurqFRuuBEXqJrD7A=
1257,548,WFjZwQCrtZ4fG8IJ02dz6fVeaZI=,WLMN3YbU0nsurqFRuuBEXqJrD7A=
1252,549,WFjZwQCrtZ4fG8IJ02dz6fVeaZI=,WLMN3YbU0nsurqFRuuBEXqJrD7A=
1250,547,WFjZwQCrtZ4fG8IJ02dz6fVeaZI=,WLMN3YbU0nsurqFRuuBEXqJrD7A=
1263,547,WFjZwQCrtZ4fG8IJ02dz6fVeaZI=,WLMN3YbU0nsurqFRuuBEXqJrD7A=
1262,547,WFjZwQCrtZ4fG8IJ02dz6fVeaZI=,WLMN3YbU0nsurqFRuuBEXqJrD7A=
1260,547,WFjZwQCrtZ4fG8IJ02dz6fVeaZI=,WLMN3YbU0nsurqFRuuBEXqJrD7A=
1262,548,WFjZwQCrtZ4fG8IJ02dz6fVeaZI=,WLMN3YbU0nsurqFRuuBEXqJrD7A=
1255,550,WFjZwQCrtZ4fG8IJ02dz6fVeaZI=,WLMN3YbU0nsurqFRuuBEXqJrD7A=
1251,548,WFjZwQCrtZ4fG8IJ02dz6fVeaZI=,WLMN3YbU0nsurqFRuuBEXqJrD7A=
1249,548,WFjZwQCrtZ4fG8IJ02dz6fVeaZI=,WLMN3YbU0nsurqFRuuBEXqJrD7A=
1248,548,WFjZwQCrtZ4fG8IJ02dz6fVeaZI=,WLMN3YbU0nsurqFRuuBEXqJrD7A=
1255,548,WFjZwQCrtZ4fG8IJ02dz6fVeaZI=,WLMN3YbU0nsurqFRuuBEXqJrD7A=
1257,547,WFjZwQCrtZ4fG8IJ02dz6fVeaZI=,WLMN3YbU0nsurqFRuuBEXqJrD7A=
1256,547,WFjZwQCrtZ4fG8IJ02dz6fVeaZI=,WLMN3YbU0nsurqFRuuBEXqJrD7A=
1254,548,WFjZwQCrtZ4fG8IJ02dz6fVeaZI=,WLMN3YbU0nsurqFRuuBEXqJrD7A=
1259,547,WFjZwQCrtZ4fG8IJ02dz6fVeaZI=,WLMN3YbU0nsurqFRuuBEXqJrD7A=
1250,550,WFjZwQCrtZ4fG8IJ02dz6fVeaZI=,WLMN3YbU0nsurqFRuuBEXqJrD7A=
1252,548,WFjZwQCrtZ4fG8IJ02dz6fVeaZI=,WLMN3YbU0nsurqFRuuBEXqJrD7A=
1262,546,WFjZwQCrtZ4fG8IJ02dz6fVeaZI=,WLMN3YbU0nsurqFRuuBEXqJrD7A=
1248,547,WFjZwQCrtZ4fG8IJ02dz6fVeaZI=,WLMN3YbU0nsurqFRuuBEXqJrD7A=
1261,547,WFjZwQCrtZ4fG8IJ02dz6fVeaZI=,WLMN3YbU0nsurqFRuuBEXqJrD7A=
1258,546,WFjZwQCrtZ4fG8IJ02dz6fVeaZI=,WLMN3YbU0nsurqFRuuBEXqJrD7A=
1250,546,WFjZwQCrtZ4fG8IJ02dz6fVeaZI=,WLMN3YbU0nsurqFRuuBEXqJrD7A=
1257,546,WFjZwQCrtZ4fG8IJ02dz6fVeaZI=,WLMN3YbU0nsurqFRuuBEXqJrD7A=
1258,547,WFjZwQCrtZ4fG8IJ02dz6fVeaZI=,WLMN3YbU0nsurqFRuuBEXqJrD7A=
1251,547,WFjZwQCrtZ4fG8IJ02dz6fVeaZI=,WLMN3YbU0nsurqFRuuBEXqJrD7A=
1255,544,WFjZwQCrtZ4fG8IJ02dz6fVeaZI=,WLMN3YbU0nsurqFRuuBEXqJrD7A=
1257,549,WFjZwQCrtZ4fG8IJ02dz6fVeaZI=,WLMN3YbU0nsurqFRuuBEXqJrD7A=
1255,547,WFjZwQCrtZ4fG8IJ02dz6fVeaZI=,WLMN3YbU0nsurqFRuuBEXqJrD7A=
1253,546,WFjZwQCrtZ4fG8IJ02dz6fVeaZI=,WLMN3YbU0nsurqFRuuBEXqJrD7A=
1263,546,WFjZwQCrtZ4fG8IJ02dz6fVeaZI=,WLMN3YbU0nsurqFRuuBEXqJrD7A=
1249,547,WFjZwQCrtZ4fG8IJ02dz6fVeaZI=,WLMN3YbU0nsurqFRuuBEXqJrD7A=
1263,545,WFjZwQCrtZ4fG8IJ02dz6fVeaZI=,WLMN3YbU0nsurqFRuuBEXqJrD7A=
1254,546,WFjZwQCrtZ4fG8IJ02dz6fVeaZI=,WLMN3YbU0nsurqFRuuBEXqJrD7A=
1256,546,WFjZwQCrtZ4fG8IJ02dz6fVeaZI=,WLMN3YbU0nsurqFRuuBEXqJrD7A=
1261,546,WFjZwQCrtZ4fG8IJ02dz6fVeaZI=,WLMN3YbU0nsurqFRuuBEXqJrD7A=
1249,546,WFjZwQCrtZ4fG8IJ02dz6fVeaZI=,WLMN3YbU0nsurqFRuuBEXqJrD7A=
1259,546,WFjZwQCrtZ4fG8IJ02dz6fVeaZI=,WLMN3YbU0nsurqFRuuBEXqJrD7A=
1253,547,WFjZwQCrtZ4fG8IJ02dz6fVeaZI=,WLMN3YbU0nsurqFRuuBEXqJrD7A=
1257,545,WFjZwQCrtZ4fG8IJ02dz6fVeaZI=,WLMN3YbU0nsurqFRuuBEXqJrD7A=
1251,546,WFjZwQCrtZ4fG8IJ02dz6fVeaZI=,WLMN3YbU0nsurqFRuuBEXqJrD7A=
1258,545,WFjZwQCrtZ4fG8IJ02dz6fVeaZI=,WLMN3YbU0nsurqFRuuBEXqJrD7A=
1261,545,WFjZwQCrtZ4fG8IJ02dz6fVeaZI=,WLMN3YbU0nsurqFRuuBEXqJrD7A=
1259,545,WFjZwQCrtZ4fG8IJ02dz6fVeaZI=,WLMN3YbU0nsurqFRuuBEXqJrD7A=
1260,545,WFjZwQCrtZ4fG8IJ02dz6fVeaZI=,WLMN3YbU0nsurqFRuuBEXqJrD7A=
1253,545,WFjZwQCrtZ4fG8IJ02dz6fVeaZI=,WLMN3YbU0nsurqFRuuBEXqJrD7A=
1262,545,WFjZwQCrtZ4fG8IJ02dz6fVeaZI=,WLMN3YbU0nsurqFRuuBEXqJrD7A=
1255,546,WFjZwQCrtZ4fG8IJ02dz6fVeaZI=,WLMN3YbU0nsurqFRuuBEXqJrD7A=
1256,545,WFjZwQCrtZ4fG8IJ02dz6fVeaZI=,WLMN3YbU0nsurqFRuuBEXqJrD7A=
1254,545,WFjZwQCrtZ4fG8IJ02dz6fVeaZI=,WLMN3YbU0nsurqFRuuBEXqJrD7A=
1250,545,WFjZwQCrtZ4fG8IJ02dz6fVeaZI=,WLMN3YbU0nsurqFRuuBEXqJrD7A=
1252,546,WFjZwQCrtZ4fG8IJ02dz6fVeaZI=,WLMN3YbU0nsurqFRuuBEXqJrD7A=
1261,548,WFjZwQCrtZ4fG8IJ02dz6fVeaZI=,WLMN3YbU0nsurqFRuuBEXqJrD7A=
1249,545,WFjZwQCrtZ4fG8IJ02dz6fVeaZI=,WLMN3YbU0nsurqFRuuBEXqJrD7A=
1263,544,WFjZwQCrtZ4fG8IJ02dz6fVeaZI=,WLMN3YbU0nsurqFRuuBEXqJrD7A=
1248,546,WFjZwQCrtZ4fG8IJ02dz6fVeaZI=,WLMN3YbU0nsurqFRuuBEXqJrD7A=
1254,547,WFjZwQCrtZ4fG8IJ02dz6fVeaZI=,WLMN3YbU0nsurqFRuuBEXqJrD7A=
1256,544,WFjZwQCrtZ4fG8IJ02dz6fVeaZI=,WLMN3YbU0nsurqFRuuBEXqJrD7A=
1255,545,WFjZwQCrtZ4fG8IJ02dz6fVeaZI=,WLMN3YbU0nsurqFRuuBEXqJrD7A=
1258,544,WFjZwQCrtZ4fG8IJ02dz6fVeaZI=,WLMN3YbU0nsurqFRuuBEXqJrD7A=
1252,547,WFjZwQCrtZ4fG8IJ02dz6fVeaZI=,WLMN3YbU0nsurqFRuuBEXqJrD7A=
1259,544,WFjZwQCrtZ4fG8IJ02dz6fVeaZI=,WLMN3YbU0nsurqFRuuBEXqJrD7A=
1257,544,WFjZwQCrtZ4fG8IJ02dz6fVeaZI=,WLMN3YbU0nsurqFRuuBEXqJrD7A=
1262,544,WFjZwQCrtZ4fG8IJ02dz6fVeaZI=,WLMN3YbU0nsurqFRuuBEXqJrD7A=
1260,544,WFjZwQCrtZ4fG8IJ02dz6fVeaZI=,WLMN3YbU0nsurqFRuuBEXqJrD7A=
1260,546,WFjZwQCrtZ4fG8IJ02dz6fVeaZI=,WLMN3YbU0nsurqFRuuBEXqJrD7A=
1251,545,WFjZwQCrtZ4fG8IJ02dz6fVeaZI=,WLMN3YbU0nsurqFRuuBEXqJrD7A=
1248,545,WFjZwQCrtZ4fG8IJ02dz6fVeaZI=,WLMN3YbU0nsurqFRuuBEXqJrD7A=
1261,544,WFjZwQCrtZ4fG8IJ02dz6fVeaZI=,WLMN3YbU0nsurqFRuuBEXqJrD7A=
1252,545,WFjZwQCrtZ4fG8IJ02dz6fVeaZI=,WLMN3YbU0nsurqFRuuBEXqJrD7A=
1279,559,pFKDaJDoNYzVRCfMdDk/+69BYWw=,WLMN3YbU0nsurqFRuuBEXqJrD7A=
1278,559,pFKDaJDoNYzVRCfMdDk/+69BYWw=,WLMN3YbU0nsurqFRuuBEXqJrD7A=
1277,559,pFKDaJDoNYzVRCfMdDk/+69BYWw=,WLMN3YbU0nsurqFRuuBEXqJrD7A=
1276,559,pFKDaJDoNYzVRCfMdDk/+69BYWw=,WLMN3YbU0nsurqFRuuBEXqJrD7A=
1270,559,pFKDaJDoNYzVRCfMdDk/+69BYWw=,WLMN3YbU0nsurqFRuuBEXqJrD7A=
1271,559,pFKDaJDoNYzVRCfMdDk/+69BYWw=,WLMN3YbU0nsurqFRuuBEXqJrD7A=
1268,559,pFKDaJDoNYzVRCfMdDk/+69BYWw=,WLMN3YbU0nsurqFRuuBEXqJrD7A=
1269,559,pFKDaJDoNYzVRCfMdDk/+69BYWw=,WLMN3YbU0nsurqFRuuBEXqJrD7A=
1279,558,pFKDaJDoNYzVRCfMdDk/+69BYWw=,WLMN3YbU0nsurqFRuuBEXqJrD7A=
1278,558,pFKDaJDoNYzVRCfMdDk/+69BYWw=,WLMN3YbU0nsurqFRuuBEXqJrD7A=
1276,558,pFKDaJDoNYzVRCfMdDk/+69BYWw=,WLMN3YbU0nsurqFRuuBEXqJrD7A=
1267,559,pFKDaJDoNYzVRCfMdDk/+69BYWw=,WLMN3YbU0nsurqFRuuBEXqJrD7A=
1271,558,pFKDaJDoNYzVRCfMdDk/+69BYWw=,WLMN3YbU0nsurqFRuuBEXqJrD7A=
1277,558,pFKDaJDoNYzVRCfMdDk/+69BYWw=,WLMN3YbU0nsurqFRuuBEXqJrD7A=
1270,558,pFKDaJDoNYzVRCfMdDk/+69BYWw=,WLMN3YbU0nsurqFRuuBEXqJrD7A=
1269,558,pFKDaJDoNYzVRCfMdDk/+69BYWw=,WLMN3YbU0nsurqFRuuBEXqJrD7A=
1274,559,pFKDaJDoNYzVRCfMdDk/+69BYWw=,WLMN3YbU0nsurqFRuuBEXqJrD7A=
1268,558,pFKDaJDoNYzVRCfMdDk/+69BYWw=,WLMN3YbU0nsurqFRuuBEXqJrD7A=
1266,558,pFKDaJDoNYzVRCfMdDk/+69BYWw=,WLMN3YbU0nsurqFRuuBEXqJrD7A=
1278,557,pFKDaJDoNYzVRCfMdDk/+69BYWw=,WLMN3YbU0nsurqFRuuBEXqJrD7A=
1277,557,pFKDaJDoNYzVRCfMdDk/+69BYWw=,WLMN3YbU0nsurqFRuuBEXqJrD7A=
1279,557,pFKDaJDoNYzVRCfMdDk/+69BYWw=,WLMN3YbU0nsurqFRuuBEXqJrD7A=
1267,558,pFKDaJDoNYzVRCfMdDk/+69BYWw=,WLMN3YbU0nsurqFRuuBEXqJrD7A=
1271,557,pFKDaJDoNYzVRCfMdDk/+69BYWw=,WLMN3YbU0nsurqFRuuBEXqJrD7A=
1274,558,pFKDaJDoNYzVRCfMdDk/+69BYWw=,WLMN3YbU0nsurqFRuuBEXqJrD7A=
1276,557,pFKDaJDoNYzVRCfMdDk/+69BYWw=,WLMN3YbU0nsurqFRuuBEXqJrD7A=
1270,557,pFKDaJDoNYzVRCfMdDk/+69BYWw=,WLMN3YbU0nsurqFRuuBEXqJrD7A=
1269,557,pFKDaJDoNYzVRCfMdDk/+69BYWw=,WLMN3YbU0nsurqFRuuBEXqJrD7A=
1268,557,pFKDaJDoNYzVRCfMdDk/+69BYWw=,WLMN3YbU0nsurqFRuuBEXqJrD7A=
1266,557,pFKDaJDoNYzVRCfMdDk/+69BYWw=,WLMN3YbU0nsurqFRuuBEXqJrD7A=
1266,559,pFKDaJDoNYzVRCfMdDk/+69BYWw=,WLMN3YbU0nsurqFRuuBEXqJrD7A=
1278,556,pFKDaJDoNYzVRCfMdDk/+69BYWw=,WLMN3YbU0nsurqFRuuBEXqJrD7A=
1279,556,pFKDaJDoNYzVRCfMdDk/+69BYWw=,WLMN3YbU0nsurqFRuuBEXqJrD7A=
1276,556,pFKDaJDoNYzVRCfMdDk/+69BYWw=,WLMN3YbU0nsurqFRuuBEXqJrD7A=
1277,556,pFKDaJDoNYzVRCfMdDk/+69BYWw=,WLMN3YbU0nsurqFRuuBEXqJrD7A=
1267,557,pFKDaJDoNYzVRCfMdDk/+69BYWw=,WLMN3YbU0nsurqFRuuBEXqJrD7A=
1273,559,pFKDaJDoNYzVRCfMdDk/+69BYWw=,WLMN3YbU0nsurqFRuuBEXqJrD7A=
1265,559,pFKDaJDoNYzVRCfMdDk/+69BYWw=,WLMN3YbU0nsurqFRuuBEXqJrD7A=
1274,557,pFKDaJDoNYzVRCfMdDk/+69BYWw=,WLMN3YbU0nsurqFRuuBEXqJrD7A=
1270,556,pFKDaJDoNYzVRCfMdDk/+69BYWw=,WLMN3YbU0nsurqFRuuBEXqJrD7A=
1271,556,pFKDaJDoNYzVRCfMdDk/+69BYWw=,WLMN3YbU0nsurqFRuuBEXqJrD7A=
1269,556,pFKDaJDoNYzVRCfMdDk/+69BYWw=,WLMN3YbU0nsurqFRuuBEXqJrD7A=
1268,556,pFKDaJDoNYzVRCfMdDk/+69BYWw=,WLMN3YbU0nsurqFRuuBEXqJrD7A=
1264,559,pFKDaJDoNYzVRCfMdDk/+69BYWw=,WLMN3YbU0nsurqFRuuBEXqJrD7A=
1272,557,pFKDaJDoNYzVRCfMdDk/+69BYWw=,WLMN3YbU0nsurqFRuuBEXqJrD7A=
1273,558,pFKDaJDoNYzVRCfMdDk/+69BYWw=,WLMN3YbU0nsurqFRuuBEXqJrD7A=
1266,556,pFKDaJDoNYzVRCfMdDk/+69BYWw=,WLMN3YbU0nsurqFRuuBEXqJrD7A=
1275,558,pFKDaJDoNYzVRCfMdDk/+69BYWw=,WLMN3YbU0nsurqFRuuBEXqJrD7A=
1264,558,pFKDaJDoNYzVRCfMdDk/+69BYWw=,WLMN3YbU0nsurqFRuuBEXqJrD7A=
1267,556,pFKDaJDoNYzVRCfMdDk/+69BYWw=,WLMN3YbU0nsurqFRuuBEXqJrD7A=
1265,556,pFKDaJDoNYzVRCfMdDk/+69BYWw=,WLMN3YbU0nsurqFRuuBEXqJrD7A=
1275,555,pFKDaJDoNYzVRCfMdDk/+69BYWw=,WLMN3YbU0nsurqFRuuBEXqJrD7A=
1274,555,pFKDaJDoNYzVRCfMdDk/+69BYWw=,WLMN3YbU0nsurqFRuuBEXqJrD7A=
1273,555,pFKDaJDoNYzVRCfMdDk/+69BYWw=,WLMN3YbU0nsurqFRuuBEXqJrD7A=
1265,544,pFKDaJDoNYzVRCfMdDk/+69BYWw=,WLMN3YbU0nsurqFRuuBEXqJrD7A=
1272,555,pFKDaJDoNYzVRCfMdDk/+69BYWw=,WLMN3YbU0nsurqFRuuBEXqJrD7A=
1279,555,pFKDaJDoNYzVRCfMdDk/+69BYWw=,WLMN3YbU0nsurqFRuuBEXqJrD7A=
1278,555,pFKDaJDoNYzVRCfMdDk/+69BYWw=,WLMN3YbU0nsurqFRuuBEXqJrD7A=
1266,544,pFKDaJDoNYzVRCfMdDk/+69BYWw=,WLMN3YbU0nsurqFRuuBEXqJrD7A=
1275,559,pFKDaJDoNYzVRCfMdDk/+69BYWw=,WLMN3YbU0nsurqFRuuBEXqJrD7A=
1265,557,pFKDaJDoNYzVRCfMdDk/+69BYWw=,WLMN3YbU0nsurqFRuuBEXqJrD7A=
1272,559,pFKDaJDoNYzVRCfMdDk/+69BYWw=,WLMN3YbU0nsurqFRuuBEXqJrD7A=
1273,557,pFKDaJDoNYzVRCfMdDk/+69BYWw=,WLMN3YbU0nsurqFRuuBEXqJrD7A=
1266,555,pFKDaJDoNYzVRCfMdDk/+69BYWw=,WLMN3YbU0nsurqFRuuBEXqJrD7A=
1267,555,pFKDaJDoNYzVRCfMdDk/+69BYWw=,WLMN3YbU0nsurqFRuuBEXqJrD7A=
1270,555,pFKDaJDoNYzVRCfMdDk/+69BYWw=,WLMN3YbU0nsurqFRuuBEXqJrD7A=
1265,555,pFKDaJDoNYzVRCfMdDk/+69BYWw=,WLMN3YbU0nsurqFRuuBEXqJrD7A=
1275,554,pFKDaJDoNYzVRCfMdDk/+69BYWw=,WLMN3YbU0nsurqFRuuBEXqJrD7A=
1269,555,pFKDaJDoNYzVRCfMdDk/+69BYWw=,WLMN3YbU0nsurqFRuuBEXqJrD7A=
1274,554,pFKDaJDoNYzVRCfMdDk/+69BYWw=,WLMN3YbU0nsurqFRuuBEXqJrD7A=
1272,554,pFKDaJDoNYzVRCfMdDk/+69BYWw=,WLMN3YbU0nsurqFRuuBEXqJrD7A=
1270,554,pFKDaJDoNYzVRCfMdDk/+69BYWw=,WLMN3YbU0nsurqFRuuBEXqJrD7A=
1273,554,pFKDaJDoNYzVRCfMdDk/+69BYWw=,WLMN3YbU0nsurqFRuuBEXqJrD7A=
1271,555,pFKDaJDoNYzVRCfMdDk/+69BYWw=,WLMN3YbU0nsurqFRuuBEXqJrD7A=
1268,555,pFKDaJDoNYzVRCfMdDk/+69BYWw=,WLMN3YbU0nsurqFRuuBEXqJrD7A=
1264,544,pFKDaJDoNYzVRCfMdDk/+69BYWw=,WLMN3YbU0nsurqFRuuBEXqJrD7A=
1269,554,pFKDaJDoNYzVRCfMdDk/+69BYWw=,WLMN3YbU0nsurqFRuuBEXqJrD7A=
1268,554,pFKDaJDoNYzVRCfMdDk/+69BYWw=,WLMN3YbU0nsurqFRuuBEXqJrD7A=
1266,554,pFKDaJDoNYzVRCfMdDk/+69BYWw=,WLMN3YbU0nsurqFRuuBEXqJrD7A=
1267,554,pFKDaJDoNYzVRCfMdDk/+69BYWw=,WLMN3YbU0nsurqFRuuBEXqJrD7A=
1264,554,pFKDaJDoNYzVRCfMdDk/+69BYWw=,WLMN3YbU0nsurqFRuuBEXqJrD7A=
1272,558,pFKDaJDoNYzVRCfMdDk/+69BYWw=,WLMN3YbU0nsurqFRuuBEXqJrD7A=
1265,554,pFKDaJDoNYzVRCfMdDk/+69BYWw=,WLMN3YbU0nsurqFRuuBEXqJrD7A=
1274,556,pFKDaJDoNYzVRCfMdDk/+69BYWw=,WLMN3YbU0nsurqFRuuBEXqJrD7A=
1275,553,pFKDaJDoNYzVRCfMdDk/+69BYWw=,WLMN3YbU0nsurqFRuuBEXqJrD7A=
1274,553,pFKDaJDoNYzVRCfMdDk/+69BYWw=,WLMN3YbU0nsurqFRuuBEXqJrD7A=
1271,554,pFKDaJDoNYzVRCfMdDk/+69BYWw=,WLMN3YbU0nsurqFRuuBEXqJrD7A=
1272,553,pFKDaJDoNYzVRCfMdDk/+69BYWw=,WLMN3YbU0nsurqFRuuBEXqJrD7A=
1273,553,pFKDaJDoNYzVRCfMdDk/+69BYWw=,WLMN3YbU0nsurqFRuuBEXqJrD7A=
1272,556,pFKDaJDoNYzVRCfMdDk/+69BYWw=,WLMN3YbU0nsurqFRuuBEXqJrD7A=
1264,556,pFKDaJDoNYzVRCfMdDk/+69BYWw=,WLMN3YbU0nsurqFRuuBEXqJrD7A=
1270,553,pFKDaJDoNYzVRCfMdDk/+69BYWw=,WLMN3YbU0nsurqFRuuBEXqJrD7A=
1278,554,pFKDaJDoNYzVRCfMdDk/+69BYWw=,WLMN3YbU0nsurqFRuuBEXqJrD7A=
1268,553,pFKDaJDoNYzVRCfMdDk/+69BYWw=,WLMN3YbU0nsurqFRuuBEXqJrD7A=
1266,553,pFKDaJDoNYzVRCfMdDk/+69BYWw=,WLMN3YbU0nsurqFRuuBEXqJrD7A=
1269,553,pFKDaJDoNYzVRCfMdDk/+69BYWw=,WLMN3YbU0nsurqFRuuBEXqJrD7A=
1265,553,pFKDaJDoNYzVRCfMdDk/+69BYWw=,WLMN3YbU0nsurqFRuuBEXqJrD7A=
1267,553,pFKDaJDoNYzVRCfMdDk/+69BYWw=,WLMN3YbU0nsurqFRuuBEXqJrD7A=
1264,557,pFKDaJDoNYzVRCfMdDk/+69BYWw=,WLMN3YbU0nsurqFRuuBEXqJrD7A=
1275,552,pFKDaJDoNYzVRCfMdDk/+69BYWw=,WLMN3YbU0nsurqFRuuBEXqJrD7A=
1271,553,pFKDaJDoNYzVRCfMdDk/+69BYWw=,WLMN3YbU0nsurqFRuuBEXqJrD7A=
1274,552,pFKDaJDoNYzVRCfMdDk/+69BYWw=,WLMN3YbU0nsurqFRuuBEXqJrD7A=
1273,552,pFKDaJDoNYzVRCfMdDk/+69BYWw=,WLMN3YbU0nsurqFRuuBEXqJrD7A=
1264,555,pFKDaJDoNYzVRCfMdDk/+69BYWw=,WLMN3YbU0nsurqFRuuBEXqJrD7A=
1272,552,pFKDaJDoNYzVRCfMdDk/+69BYWw=,WLMN3YbU0nsurqFRuuBEXqJrD7A=
1265,558,pFKDaJDoNYzVRCfMdDk/+69BYWw=,WLMN3YbU0nsurqFRuuBEXqJrD7A=
1275,557,pFKDaJDoNYzVRCfMdDk/+69BYWw=,WLMN3YbU0nsurqFRuuBEXqJrD7A=
1264,553,pFKDaJDoNYzVRCfMdDk/+69BYWw=,WLMN3YbU0nsurqFRuuBEXqJrD7A=
1267,552,pFKDaJDoNYzVRCfMdDk/+69BYWw=,WLMN3YbU0nsurqFRuuBEXqJrD7A=
1265,552,pFKDaJDoNYzVRCfMdDk/+69BYWw=,WLMN3YbU0nsurqFRuuBEXqJrD7A=
1264,552,pFKDaJDoNYzVRCfMdDk/+69BYWw=,WLMN3YbU0nsurqFRuuBEXqJrD7A=
1266,552,pFKDaJDoNYzVRCfMdDk/+69BYWw=,WLMN3YbU0nsurqFRuuBEXqJrD7A=
1279,554,pFKDaJDoNYzVRCfMdDk/+69BYWw=,WLMN3YbU0nsurqFRuuBEXqJrD7A=
1269,552,pFKDaJDoNYzVRCfMdDk/+69BYWw=,WLMN3YbU0nsurqFRuuBEXqJrD7A=
1268,552,pFKDaJDoNYzVRCfMdDk/+69BYWw=,WLMN3YbU0nsurqFRuuBEXqJrD7A=
1279,553,pFKDaJDoNYzVRCfMdDk/+69BYWw=,WLMN3YbU0nsurqFRuuBEXqJrD7A=
1275,556,pFKDaJDoNYzVRCfMdDk/+69BYWw=,WLMN3YbU0nsurqFRuuBEXqJrD7A=
1277,553,pFKDaJDoNYzVRCfMdDk/+69BYWw=,WLMN3YbU0nsurqFRuuBEXqJrD7A=
1278,552,pFKDaJDoNYzVRCfMdDk/+69BYWw=,WLMN3YbU0nsurqFRuuBEXqJrD7A=
1271,551,pFKDaJDoNYzVRCfMdDk/+69BYWw=,WLMN3YbU0nsurqFRuuBEXqJrD7A=
1279,552,pFKDaJDoNYzVRCfMdDk/+69BYWw=,WLMN3YbU0nsurqFRuuBEXqJrD7A=
1270,551,pFKDaJDoNYzVRCfMdDk/+69BYWw=,WLMN3YbU0nsurqFRuuBEXqJrD7A=
1269,551,pFKDaJDoNYzVRCfMdDk/+69BYWw=,WLMN3YbU0nsurqFRuuBEXqJrD7A=
1277,555,pFKDaJDoNYzVRCfMdDk/+69BYWw=,WLMN3YbU0nsurqFRuuBEXqJrD7A=
1268,551,pFKDaJDoNYzVRCfMdDk/+69BYWw=,WLMN3YbU0nsurqFRuuBEXqJrD7A=
1273,556,pFKDaJDoNYzVRCfMdDk/+69BYWw=,WLMN3YbU0nsurqFRuuBEXqJrD7A=
1278,553,pFKDaJDoNYzVRCfMdDk/+69BYWw=,WLMN3YbU0nsurqFRuuBEXqJrD7A=
1265,551,pFKDaJDoNYzVRCfMdDk/+69BYWw=,WLMN3YbU0nsurqFRuuBEXqJrD7A=
1266,551,pFKDaJDoNYzVRCfMdDk/+69BYWw=,WLMN3YbU0nsurqFRuuBEXqJrD7A=
1274,551,pFKDaJDoNYzVRCfMdDk/+69BYWw=,WLMN3YbU0nsurqFRuuBEXqJrD7A=
1276,555,pFKDaJDoNYzVRCfMdDk/+69BYWw=,WLMN3YbU0nsurqFRuuBEXqJrD7A=
1267,551,pFKDaJDoNYzVRCfMdDk/+69BYWw=,WLMN3YbU0nsurqFRuuBEXqJrD7A=
1270,552,pFKDaJDoNYzVRCfMdDk/+69BYWw=,WLMN3YbU0nsurqFRuuBEXqJrD7A=
1274,550,pFKDaJDoNYzVRCfMdDk/+69BYWw=,WLMN3YbU0nsurqFRuuBEXqJrD7A=
1273,550,pFKDaJDoNYzVRCfMdDk/+69BYWw=,WLMN3YbU0nsurqFRuuBEXqJrD7A=
1276,552,pFKDaJDoNYzVRCfMdDk/+69BYWw=,WLMN3YbU0nsurqFRuuBEXqJrD7A=
1264,551,pFKDaJDoNYzVRCfMdDk/+69BYWw=,WLMN3YbU0nsurqFRuuBEXqJrD7A=
1270,550,pFKDaJDoNYzVRCfMdDk/+69BYWw=,WLMN3YbU0nsurqFRuuBEXqJrD7A=
1271,550,pFKDaJDoNYzVRCfMdDk/+69BYWw=,WLMN3YbU0nsurqFRuuBEXqJrD7A=
1269,550,pFKDaJDoNYzVRCfMdDk/+69BYWw=,WLMN3YbU0nsurqFRuuBEXqJrD7A=
1268,550,pFKDaJDoNYzVRCfMdDk/+69BYWw=,WLMN3YbU0nsurqFRuuBEXqJrD7A=
1266,550,pFKDaJDoNYzVRCfMdDk/+69BYWw=,WLMN3YbU0nsurqFRuuBEXqJrD7A=
1277,554,pFKDaJDoNYzVRCfMdDk/+69BYWw=,WLMN3YbU0nsurqFRuuBEXqJrD7A=
1265,550,pFKDaJDoNYzVRCfMdDk/+69BYWw=,WLMN3YbU0nsurqFRuuBEXqJrD7A=
1271,552,pFKDaJDoNYzVRCfMdDk/+69BYWw=,WLMN3YbU0nsurqFRuuBEXqJrD7A=
1272,551,pFKDaJDoNYzVRCfMdDk/+69BYWw=,WLMN3YbU0nsurqFRuuBEXqJrD7A=
1276,553,pFKDaJDoNYzVRCfMdDk/+69BYWw=,WLMN3YbU0nsurqFRuuBEXqJrD7A=
1277,551,pFKDaJDoNYzVRCfMdDk/+69BYWw=,WLMN3YbU0nsurqFRuuBEXqJrD7A=
1275,551,pFKDaJDoNYzVRCfMdDk/+69BYWw=,WLMN3YbU0nsurqFRuuBEXqJrD7A=
1273,551,pFKDaJDoNYzVRCfMdDk/+69BYWw=,WLMN3YbU0nsurqFRuuBEXqJrD7A=
1278,551,pFKDaJDoNYzVRCfMdDk/+69BYWw=,WLMN3YbU0nsurqFRuuBEXqJrD7A=
1275,550,pFKDaJDoNYzVRCfMdDk/+69BYWw=,WLMN3YbU0nsurqFRuuBEXqJrD7A=
1270,549,pFKDaJDoNYzVRCfMdDk/+69BYWw=,WLMN3YbU0nsurqFRuuBEXqJrD7A=
1271,549,pFKDaJDoNYzVRCfMdDk/+69BYWw=,WLMN3YbU0nsurqFRuuBEXqJrD7A=
1269,549,pFKDaJDoNYzVRCfMdDk/+69BYWw=,WLMN3YbU0nsurqFRuuBEXqJrD7A=
1268,549,pFKDaJDoNYzVRCfMdDk/+69BYWw=,WLMN3YbU0nsurqFRuuBEXqJrD7A=
1272,550,pFKDaJDoNYzVRCfMdDk/+69BYWw=,WLMN3YbU0nsurqFRuuBEXqJrD7A=
1267,544,pFKDaJDoNYzVRCfMdDk/+69BYWw=,WLMN3YbU0nsurqFRuuBEXqJrD7A=
1276,551,pFKDaJDoNYzVRCfMdDk/+69BYWw=,WLMN3YbU0nsurqFRuuBEXqJrD7A=
1265,549,pFKDaJDoNYzVRCfMdDk/+69BYWw=,WLMN3YbU0nsurqFRuuBEXqJrD7A=
1268,544,pFKDaJDoNYzVRCfMdDk/+69BYWw=,WLMN3YbU0nsurqFRuuBEXqJrD7A=
1270,544,pFKDaJDoNYzVRCfMdDk/+69BYWw=,WLMN3YbU0nsurqFRuuBEXqJrD7A=
1271,544,pFKDaJDoNYzVRCfMdDk/+69BYWw=,WLMN3YbU0nsurqFRuuBEXqJrD7A=
1269,544,pFKDaJDoNYzVRCfMdDk/+69BYWw=,WLMN3YbU0nsurqFRuuBEXqJrD7A=
1266,549,pFKDaJDoNYzVRCfMdDk/+69BYWw=,WLMN3YbU0nsurqFRuuBEXqJrD7A=
1279,550,pFKDaJDoNYzVRCfMdDk/+69BYWw=,WLMN3YbU0nsurqFRuuBEXqJrD7A=
1279,549,pFKDaJDoNYzVRCfMdDk/+69BYWw=,WLMN3YbU0nsurqFRuuBEXqJrD7A=
1272,549,pFKDaJDoNYzVRCfMdDk/+69BYWw=,WLMN3YbU0nsurqFRuuBEXqJrD7A=
1277,552,pFKDaJDoNYzVRCfMdDk/+69BYWw=,WLMN3YbU0nsurqFRuuBEXqJrD7A=
1271,548,pFKDaJDoNYzVRCfMdDk/+69BYWw=,WLMN3YbU0nsurqFRuuBEXqJrD7A=
1273,549,pFKDaJDoNYzVRCfMdDk/+69BYWw=,WLMN3YbU0nsurqFRuuBEXqJrD7A=
1270,548,pFKDaJDoNYzVRCfMdDk/+69BYWw=,WLMN3YbU0nsurqFRuuBEXqJrD7A=
1269,548,pFKDaJDoNYzVRCfMdDk/+69BYWw=,WLMN3YbU0nsurqFRuuBEXqJrD7A=
1268,548,pFKDaJDoNYzVRCfMdDk/+69BYWw=,WLMN3YbU0nsurqFRuuBEXqJrD7A=
1264,550,pFKDaJDoNYzVRCfMdDk/+69BYWw=,WLMN3YbU0nsurqFRuuBEXqJrD7A=
1277,550,pFKDaJDoNYzVRCfMdDk/+69BYWw=,WLMN3YbU0nsurqFRuuBEXqJrD7A=
1267,550,pFKDaJDoNYzVRCfMdDk/+69BYWw=,WLMN3YbU0nsurqFRuuBEXqJrD7A=
1278,550,pFKDaJDoNYzVRCfMdDk/+69BYWw=,WLMN3YbU0nsurqFRuuBEXqJrD7A=
1279,551,pFKDaJDoNYzVRCfMdDk/+69BYWw=,WLMN3YbU0nsurqFRuuBEXqJrD7A=
1274,549,pFKDaJDoNYzVRCfMdDk/+69BYWw=,WLMN3YbU0nsurqFRuuBEXqJrD7A=
1276,550,pFKDaJDoNYzVRCfMdDk/+69BYWw=,WLMN3YbU0nsurqFRuuBEXqJrD7A=
1276,554,pFKDaJDoNYzVRCfMdDk/+69BYWw=,WLMN3YbU0nsurqFRuuBEXqJrD7A=
1272,548,pFKDaJDoNYzVRCfMdDk/+69BYWw=,WLMN3YbU0nsurqFRuuBEXqJrD7A=
1279,548,pFKDaJDoNYzVRCfMdDk/+69BYWw=,WLMN3YbU0nsurqFRuuBEXqJrD7A=
1271,547,pFKDaJDoNYzVRCfMdDk/+69BYWw=,WLMN3YbU0nsurqFRuuBEXqJrD7A=
1270,547,pFKDaJDoNYzVRCfMdDk/+69BYWw=,WLMN3YbU0nsurqFRuuBEXqJrD7A=
1268,547,pFKDaJDoNYzVRCfMdDk/+69BYWw=,WLMN3YbU0nsurqFRuuBEXqJrD7A=
1269,547,pFKDaJDoNYzVRCfMdDk/+69BYWw=,WLMN3YbU0nsurqFRuuBEXqJrD7A=
1274,548,pFKDaJDoNYzVRCfMdDk/+69BYWw=,WLMN3YbU0nsurqFRuuBEXqJrD7A=
1278,548,pFKDaJDoNYzVRCfMdDk/+69BYWw=,WLMN3YbU0nsurqFRuuBEXqJrD7A=
1265,548,pFKDaJDoNYzVRCfMdDk/+69BYWw=,WLMN3YbU0nsurqFRuuBEXqJrD7A=
1264,549,pFKDaJDoNYzVRCfMdDk/+69BYWw=,WLMN3YbU0nsurqFRuuBEXqJrD7A=
1273,548,pFKDaJDoNYzVRCfMdDk/+69BYWw=,WLMN3YbU0nsurqFRuuBEXqJrD7A=
1264,548,pFKDaJDoNYzVRCfMdDk/+69BYWw=,WLMN3YbU0nsurqFRuuBEXqJrD7A=
1276,548,pFKDaJDoNYzVRCfMdDk/+69BYWw=,WLMN3YbU0nsurqFRuuBEXqJrD7A=
1272,544,pFKDaJDoNYzVRCfMdDk/+69BYWw=,WLMN3YbU0nsurqFRuuBEXqJrD7A=
1275,549,pFKDaJDoNYzVRCfMdDk/+69BYWw=,WLMN3YbU0nsurqFRuuBEXqJrD7A=
1277,548,pFKDaJDoNYzVRCfMdDk/+69BYWw=,WLMN3YbU0nsurqFRuuBEXqJrD7A=
1275,548,pFKDaJDoNYzVRCfMdDk/+69BYWw=,WLMN3YbU0nsurqFRuuBEXqJrD7A=
1271,546,pFKDaJDoNYzVRCfMdDk/+69BYWw=,WLMN3YbU0nsurqFRuuBEXqJrD7A=
1273,547,pFKDaJDoNYzVRCfMdDk/+69BYWw=,WLMN3YbU0nsurqFRuuBEXqJrD7A=
1277,549,pFKDaJDoNYzVRCfMdDk/+69BYWw=,WLMN3YbU0nsurqFRuuBEXqJrD7A=
1270,546,pFKDaJDoNYzVRCfMdDk/+69BYWw=,WLMN3YbU0nsurqFRuuBEXqJrD7A=
1274,547,pFKDaJDoNYzVRCfMdDk/+69BYWw=,WLMN3YbU0nsurqFRuuBEXqJrD7A=
1269,546,pFKDaJDoNYzVRCfMdDk/+69BYWw=,WLMN3YbU0nsurqFRuuBEXqJrD7A=
1278,547,pFKDaJDoNYzVRCfMdDk/+69BYWw=,WLMN3YbU0nsurqFRuuBEXqJrD7A=
1268,546,pFKDaJDoNYzVRCfMdDk/+69BYWw=,WLMN3YbU0nsurqFRuuBEXqJrD7A=
1275,547,pFKDaJDoNYzVRCfMdDk/+69BYWw=,WLMN3YbU0nsurqFRuuBEXqJrD7A=
1266,547,pFKDaJDoNYzVRCfMdDk/+69BYWw=,WLMN3YbU0nsurqFRuuBEXqJrD7A=
1264,547,pFKDaJDoNYzVRCfMdDk/+69BYWw=,WLMN3YbU0nsurqFRuuBEXqJrD7A=
1273,546,pFKDaJDoNYzVRCfMdDk/+69BYWw=,WLMN3YbU0nsurqFRuuBEXqJrD7A=
1276,546,pFKDaJDoNYzVRCfMdDk/+69BYWw=,WLMN3YbU0nsurqFRuuBEXqJrD7A=
1276,547,pFKDaJDoNYzVRCfMdDk/+69BYWw=,WLMN3YbU0nsurqFRuuBEXqJrD7A=
1271,545,pFKDaJDoNYzVRCfMdDk/+69BYWw=,WLMN3YbU0nsurqFRuuBEXqJrD7A=
1270,545,pFKDaJDoNYzVRCfMdDk/+69BYWw=,WLMN3YbU0nsurqFRuuBEXqJrD7A=
1269,545,pFKDaJDoNYzVRCfMdDk/+69BYWw=,WLMN3YbU0nsurqFRuuBEXqJrD7A=
1268,545,pFKDaJDoNYzVRCfMdDk/+69BYWw=,WLMN3YbU0nsurqFRuuBEXqJrD7A=
1267,548,pFKDaJDoNYzVRCfMdDk/+69BYWw=,WLMN3YbU0nsurqFRuuBEXqJrD7A=
1277,546,pFKDaJDoNYzVRCfMdDk/+69BYWw=,WLMN3YbU0nsurqFRuuBEXqJrD7A=
1265,547,pFKDaJDoNYzVRCfMdDk/+69BYWw=,WLMN3YbU0nsurqFRuuBEXqJrD7A=
1272,547,pFKDaJDoNYzVRCfMdDk/+69BYWw=,WLMN3YbU0nsurqFRuuBEXqJrD7A=
1279,547,pFKDaJDoNYzVRCfMdDk/+69BYWw=,WLMN3YbU0nsurqFRuuBEXqJrD7A=
1277,547,pFKDaJDoNYzVRCfMdDk/+69BYWw=,WLMN3YbU0nsurqFRuuBEXqJrD7A=
1279,545,pFKDaJDoNYzVRCfMdDk/+69BYWw=,WLMN3YbU0nsurqFRuuBEXqJrD7A=
1266,546,pFKDaJDoNYzVRCfMdDk/+69BYWw=,WLMN3YbU0nsurqFRuuBEXqJrD7A=
1264,546,pFKDaJDoNYzVRCfMdDk/+69BYWw=,WLMN3YbU0nsurqFRuuBEXqJrD7A=
1278,546,pFKDaJDoNYzVRCfMdDk/+69BYWw=,WLMN3YbU0nsurqFRuuBEXqJrD7A=
1274,546,pFKDaJDoNYzVRCfMdDk/+69BYWw=,WLMN3YbU0nsurqFRuuBEXqJrD7A=
1273,544,pFKDaJDoNYzVRCfMdDk/+69BYWw=,WLMN3YbU0nsurqFRuuBEXqJrD7A=
1265,546,pFKDaJDoNYzVRCfMdDk/+69BYWw=,WLMN3YbU0nsurqFRuuBEXqJrD7A=
1274,545,pFKDaJDoNYzVRCfMdDk/+69BYWw=,WLMN3YbU0nsurqFRuuBEXqJrD7A=
1277,545,pFKDaJDoNYzVRCfMdDk/+69BYWw=,WLMN3YbU0nsurqFRuuBEXqJrD7A=
1273,545,pFKDaJDoNYzVRCfMdDk/+69BYWw=,WLMN3YbU0nsurqFRuuBEXqJrD7A=
1275,546,pFKDaJDoNYzVRCfMdDk/+69BYWw=,WLMN3YbU0nsurqFRuuBEXqJrD7A=
1267,547,pFKDaJDoNYzVRCfMdDk/+69BYWw=,WLMN3YbU0nsurqFRuuBEXqJrD7A=
1276,544,pFKDaJDoNYzVRCfMdDk/+69BYWw=,WLMN3YbU0nsurqFRuuBEXqJrD7A=
1265,545,pFKDaJDoNYzVRCfMdDk/+69BYWw=,WLMN3YbU0nsurqFRuuBEXqJrD7A=
1275,545,pFKDaJDoNYzVRCfMdDk/+69BYWw=,WLMN3YbU0nsurqFRuuBEXqJrD7A=
1276,545,pFKDaJDoNYzVRCfMdDk/+69BYWw=,WLMN3YbU0nsurqFRuuBEXqJrD7A=
1279,544,pFKDaJDoNYzVRCfMdDk/+69BYWw=,WLMN3YbU0nsurqFRuuBEXqJrD7A=
1272,546,pFKDaJDoNYzVRCfMdDk/+69BYWw=,WLMN3YbU0nsurqFRuuBEXqJrD7A=
1278,545,pFKDaJDoNYzVRCfMdDk/+69BYWw=,WLMN3YbU0nsurqFRuuBEXqJrD7A=
1264,545,pFKDaJDoNYzVRCfMdDk/+69BYWw=,WLMN3YbU0nsurqFRuuBEXqJrD7A=
1278,549,pFKDaJDoNYzVRCfMdDk/+69BYWw=,WLMN3YbU0nsurqFRuuBEXqJrD7A=
1266,548,pFKDaJDoNYzVRCfMdDk/+69BYWw=,WLMN3YbU0nsurqFRuuBEXqJrD7A=
1275,544,pFKDaJDoNYzVRCfMdDk/+69BYWw=,WLMN3YbU0nsurqFRuuBEXqJrD7A=
1272,545,pFKDaJDoNYzVRCfMdDk/+69BYWw=,WLMN3YbU0nsurqFRuuBEXqJrD7A=
1278,544,pFKDaJDoNYzVRCfMdDk/+69BYWw=,WLMN3YbU0nsurqFRuuBEXqJrD7A=
1277,544,pFKDaJDoNYzVRCfMdDk/+69BYWw=,WLMN3YbU0nsurqFRuuBEXqJrD7A=
1267,545,pFKDaJDoNYzVRCfMdDk/+69BYWw=,WLMN3YbU0nsurqFRuuBEXqJrD7A=
1267,549,pFKDaJDoNYzVRCfMdDk/+69BYWw=,WLMN3YbU0nsurqFRuuBEXqJrD7A=
1279,546,pFKDaJDoNYzVRCfMdDk/+69BYWw=,WLMN3YbU0nsurqFRuuBEXqJrD7A=
1276,549,pFKDaJDoNYzVRCfMdDk/+69BYWw=,WLMN3YbU0nsurqFRuuBEXqJrD7A=
1266,545,pFKDaJDoNYzVRCfMdDk/+69BYWw=,WLMN3YbU0nsurqFRuuBEXqJrD7A=
1274,544,pFKDaJDoNYzVRCfMdDk/+69BYWw=,WLMN3YbU0nsurqFRuuBEXqJrD7A=
1267,546,pFKDaJDoNYzVRCfMdDk/+69BYWw=,WLMN3YbU0nsurqFRuuBEXqJrD7A=
1262,575,2cpxJrAl9w1z0qxx+c/U3XyNigE=,WLMN3YbU0nsurqFRuuBEXqJrD7A=
1261,575,mDVr1YNy5DkcU4QjnZLWzC2aV38=,WLMN3YbU0nsurqFRuuBEXqJrD7A=
1260,575,mDVr1YNy5DkcU4QjnZLWzC2aV38=,WLMN3YbU0nsurqFRuuBEXqJrD7A=
1260,574,mDVr1YNy5DkcU4QjnZLWzC2aV38=,WLMN3YbU0nsurqFRuuBEXqJrD7A=
1258,575,mDVr1YNy5DkcU4QjnZLWzC2aV38=,WLMN3YbU0nsurqFRuuBEXqJrD7A=
1263,575,mDVr1YNy5DkcU4QjnZLWzC2aV38=,WLMN3YbU0nsurqFRuuBEXqJrD7A=
1263,574,mDVr1YNy5DkcU4QjnZLWzC2aV38=,WLMN3YbU0nsurqFRuuBEXqJrD7A=
1261,574,mDVr1YNy5DkcU4QjnZLWzC2aV38=,WLMN3YbU0nsurqFRuuBEXqJrD7A=
1262,574,mDVr1YNy5DkcU4QjnZLWzC2aV38=,WLMN3YbU0nsurqFRuuBEXqJrD7A=
1250,575,mDVr1YNy5DkcU4QjnZLWzC2aV38=,WLMN3YbU0nsurqFRuuBEXqJrD7A=
1250,560,mDVr1YNy5DkcU4QjnZLWzC2aV38=,WLMN3YbU0nsurqFRuuBEXqJrD7A=
1255,575,mDVr1YNy5DkcU4QjnZLWzC2aV38=,WLMN3YbU0nsurqFRuuBEXqJrD7A=
1259,575,mDVr1YNy5DkcU4QjnZLWzC2aV38=,WLMN3YbU0nsurqFRuuBEXqJrD7A=
1253,575,mDVr1YNy5DkcU4QjnZLWzC2aV38=,WLMN3YbU0nsurqFRuuBEXqJrD7A=
1248,560,mDVr1YNy5DkcU4QjnZLWzC2aV38=,WLMN3YbU0nsurqFRuuBEXqJrD7A=
1249,575,mDVr1YNy5DkcU4QjnZLWzC2aV38=,WLMN3YbU0nsurqFRuuBEXqJrD7A=
1252,575,mDVr1YNy5DkcU4QjnZLWzC2aV38=,WLMN3YbU0nsurqFRuuBEXqJrD7A=
1251,575,mDVr1YNy5DkcU4QjnZLWzC2aV38=,WLMN3YbU0nsurqFRuuBEXqJrD7A=
1257,575,mDVr1YNy5DkcU4QjnZLWzC2aV38=,WLMN3YbU0nsurqFRuuBEXqJrD7A=
1249,560,mDVr1YNy5DkcU4QjnZLWzC2aV38=,WLMN3YbU0nsurqFRuuBEXqJrD7A=
1257,574,mDVr1YNy5DkcU4QjnZLWzC2aV38=,WLMN3YbU0nsurqFRuuBEXqJrD7A=
1253,574,mDVr1YNy5DkcU4QjnZLWzC2aV38=,WLMN3YbU0nsurqFRuuBEXqJrD7A=
1258,574,mDVr1YNy5DkcU4QjnZLWzC2aV38=,WLMN3YbU0nsurqFRuuBEXqJrD7A=
1254,575,mDVr1YNy5DkcU4QjnZLWzC2aV38=,WLMN3YbU0nsurqFRuuBEXqJrD7A=
1259,574,mDVr1YNy5DkcU4QjnZLWzC2aV38=,WLMN3YbU0nsurqFRuuBEXqJrD7A=
1255,574,mDVr1YNy5DkcU4QjnZLWzC2aV38=,WLMN3YbU0nsurqFRuuBEXqJrD7A=
1256,575,mDVr1YNy5DkcU4QjnZLWzC2aV38=,WLMN3YbU0nsurqFRuuBEXqJrD7A=
1260,573,mDVr1YNy5DkcU4QjnZLWzC2aV38=,WLMN3YbU0nsurqFRuuBEXqJrD7A=
1248,575,mDVr1YNy5DkcU4QjnZLWzC2aV38=,WLMN3YbU0nsurqFRuuBEXqJrD7A=
1249,574,mDVr1YNy5DkcU4QjnZLWzC2aV38=,WLMN3YbU0nsurqFRuuBEXqJrD7A=
1263,573,mDVr1YNy5DkcU4QjnZLWzC2aV38=,WLMN3YbU0nsurqFRuuBEXqJrD7A=
1250,574,mDVr1YNy5DkcU4QjnZLWzC2aV38=,WLMN3YbU0nsurqFRuuBEXqJrD7A=
1248,574,mDVr1YNy5DkcU4QjnZLWzC2aV38=,WLMN3YbU0nsurqFRuuBEXqJrD7A=
1262,573,mDVr1YNy5DkcU4QjnZLWzC2aV38=,WLMN3YbU0nsurqFRuuBEXqJrD7A=
1252,574,mDVr1YNy5DkcU4QjnZLWzC2aV38=,WLMN3YbU0nsurqFRuuBEXqJrD7A=
1257,573,mDVr1YNy5DkcU4QjnZLWzC2aV38=,WLMN3YbU0nsurqFRuuBEXqJrD7A=
1251,573,mDVr1YNy5DkcU4QjnZLWzC2aV38=,WLMN3YbU0nsurqFRuuBEXqJrD7A=
1254,574,mDVr1YNy5DkcU4QjnZLWzC2aV38=,WLMN3YbU0nsurqFRuuBEXqJrD7A=
1262,572,mDVr1YNy5DkcU4QjnZLWzC2aV38=,WLMN3YbU0nsurqFRuuBEXqJrD7A=
1261,573,mDVr1YNy5DkcU4QjnZLWzC2aV38=,WLMN3YbU0nsurqFRuuBEXqJrD7A=
1261,572,mDVr1YNy5DkcU4QjnZLWzC2aV38=,WLMN3YbU0nsurqFRuuBEXqJrD7A=
1260,572,mDVr1YNy5DkcU4QjnZLWzC2aV38=,WLMN3YbU0nsurqFRuuBEXqJrD7A=
1251,560,mDVr1YNy5DkcU4QjnZLWzC2aV38=,WLMN3YbU0nsurqFRuuBEXqJrD7A=
1256,574,mDVr1YNy5DkcU4QjnZLWzC2aV38=,WLMN3YbU0nsurqFRuuBEXqJrD7A=
1263,572,mDVr1YNy5DkcU4QjnZLWzC2aV38=,WLMN3YbU0nsurqFRuuBEXqJrD7A=
1255,573,mDVr1YNy5DkcU4QjnZLWzC2aV38=,WLMN3YbU0nsurqFRuuBEXqJrD7A=
1255,572,mDVr1YNy5DkcU4QjnZLWzC2aV38=,WLMN3YbU0nsurqFRuuBEXqJrD7A=
1259,573,mDVr1YNy5DkcU4QjnZLWzC2aV38=,WLMN3YbU0nsurqFRuuBEXqJrD7A=
1258,573,mDVr1YNy5DkcU4QjnZLWzC2aV38=,WLMN3YbU0nsurqFRuuBEXqJrD7A=
1259,571,mDVr1YNy5DkcU4QjnZLWzC2aV38=,WLMN3YbU0nsurqFRuuBEXqJrD7A=
1258,571,mDVr1YNy5DkcU4QjnZLWzC2aV38=,WLMN3YbU0nsurqFRuuBEXqJrD7A=
1256,571,mDVr1YNy5DkcU4QjnZLWzC2aV38=,WLMN3YbU0nsurqFRuuBEXqJrD7A=
1255,571,mDVr1YNy5DkcU4QjnZLWzC2aV38=,WLMN3YbU0nsurqFRuuBEXqJrD7A=
1257,571,mDVr1YNy5DkcU4QjnZLWzC2aV38=,WLMN3YbU0nsurqFRuuBEXqJrD7A=
1253,571,mDVr1YNy5DkcU4QjnZLWzC2aV38=,WLMN3YbU0nsurqFRuuBEXqJrD7A=
1252,571,mDVr1YNy5DkcU4QjnZLWzC2aV38=,WLMN3YbU0nsurqFRuuBEXqJrD7A=
1254,571,mDVr1YNy5DkcU4QjnZLWzC2aV38=,WLMN3YbU0nsurqFRuuBEXqJrD7A=
1248,573,mDVr1YNy5DkcU4QjnZLWzC2aV38=,WLMN3YbU0nsurqFRuuBEXqJrD7A=
1256,573,mDVr1YNy5DkcU4QjnZLWzC2aV38=,WLMN3YbU0nsurqFRuuBEXqJrD7A=
1256,572,mDVr1YNy5DkcU4QjnZLWzC2aV38=,WLMN3YbU0nsurqFRuuBEXqJrD7A=
1254,573,mDVr1YNy5DkcU4QjnZLWzC2aV38=,WLMN3YbU0nsurqFRuuBEXqJrD7A=
1261,571,mDVr1YNy5DkcU4QjnZLWzC2aV38=,WLMN3YbU0nsurqFRuuBEXqJrD7A=
1258,572,mDVr1YNy5DkcU4QjnZLWzC2aV38=,WLMN3YbU0nsurqFRuuBEXqJrD7A=
1250,573,mDVr1YNy5DkcU4QjnZLWzC2aV38=,WLMN3YbU0nsurqFRuuBEXqJrD7A=
1259,570,mDVr1YNy5DkcU4QjnZLWzC2aV38=,WLMN3YbU0nsurqFRuuBEXqJrD7A=
1257,570,mDVr1YNy5DkcU4QjnZLWzC2aV38=,WLMN3YbU0nsurqFRuuBEXqJrD7A=
1258,570,mDVr1YNy5DkcU4QjnZLWzC2aV38=,WLMN3YbU0nsurqFRuuBEXqJrD7A=
1256,570,mDVr1YNy5DkcU4QjnZLWzC2aV38=,WLMN3YbU0nsurqFRuuBEXqJrD7A=
1255,570,mDVr1YNy5DkcU4QjnZLWzC2aV38=,WLMN3YbU0nsurqFRuuBEXqJrD7A=
1254,570,mDVr1YNy5DkcU4QjnZLWzC2aV38=,WLMN3YbU0nsurqFRuuBEXqJrD7A=
1252,570,mDVr1YNy5DkcU4QjnZLWzC2aV38=,WLMN3YbU0nsurqFRuuBEXqJrD7A=
1253,570,mDVr1YNy5DkcU4QjnZLWzC2aV38=,WLMN3YbU0nsurqFRuuBEXqJrD7A=
1253,573,mDVr1YNy5DkcU4QjnZLWzC2aV38=,WLMN3YbU0nsurqFRuuBEXqJrD7A=
1249,573,mDVr1YNy5DkcU4QjnZLWzC2aV38=,WLMN3YbU0nsurqFRuuBEXqJrD7A=
1262,571,mDVr1YNy5DkcU4QjnZLWzC2aV38=,WLMN3YbU0nsurqFRuuBEXqJrD7A=
1260,571,mDVr1YNy5DkcU4QjnZLWzC2aV38=,WLMN3YbU0nsurqFRuuBEXqJrD7A=
1252,560,mDVr1YNy5DkcU4QjnZLWzC2aV38=,WLMN3YbU0nsurqFRuuBEXqJrD7A=
1248,572,mDVr1YNy5DkcU4QjnZLWzC2aV38=,WLMN3YbU0nsurqFRuuBEXqJrD7A=
1252,572,mDVr1YNy5DkcU4QjnZLWzC2aV38=,WLMN3YbU0nsurqFRuuBEXqJrD7A=
1257,572,mDVr1YNy5DkcU4QjnZLWzC2aV38=,WLMN3YbU0nsurqFRuuBEXqJrD7A=
1259,569,mDVr1YNy5DkcU4QjnZLWzC2aV38=,WLMN3YbU0nsurqFRuuBEXqJrD7A=
1249,572,mDVr1YNy5DkcU4QjnZLWzC2aV38=,WLMN3YbU0nsurqFRuuBEXqJrD7A=
1258,569,mDVr1YNy5DkcU4QjnZLWzC2aV38=,WLMN3YbU0nsurqFRuuBEXqJrD7A=
1257,569,mDVr1YNy5DkcU4QjnZLWzC2aV38=,WLMN3YbU0nsurqFRuuBEXqJrD7A=
1255,569,mDVr1YNy5DkcU4QjnZLWzC2aV38=,WLMN3YbU0nsurqFRuuBEXqJrD7A=
1256,569,mDVr1YNy5DkcU4QjnZLWzC2aV38=,WLMN3YbU0nsurqFRuuBEXqJrD7A=
1254,569,mDVr1YNy5DkcU4QjnZLWzC2aV38=,WLMN3YbU0nsurqFRuuBEXqJrD7A=
1252,569,mDVr1YNy5DkcU4QjnZLWzC2aV38=,WLMN3YbU0nsurqFRuuBEXqJrD7A=
1253,569,mDVr1YNy5DkcU4QjnZLWzC2aV38=,WLMN3YbU0nsurqFRuuBEXqJrD7A=
1259,572,mDVr1YNy5DkcU4QjnZLWzC2aV38=,WLMN3YbU0nsurqFRuuBEXqJrD7A=
1251,572,mDVr1YNy5DkcU4QjnZLWzC2aV38=,WLMN3YbU0nsurqFRuuBEXqJrD7A=
1263,570,mDVr1YNy5DkcU4QjnZLWzC2aV38=,WLMN3YbU0nsurqFRuuBEXqJrD7A=
1261,570,mDVr1YNy5DkcU4QjnZLWzC2aV38=,WLMN3YbU0nsurqFRuuBEXqJrD7A=
1250,572,mDVr1YNy5DkcU4QjnZLWzC2aV38=,WLMN3YbU0nsurqFRuuBEXqJrD7A=
1253,560,mDVr1YNy5DkcU4QjnZLWzC2aV38=,WLMN3YbU0nsurqFRuuBEXqJrD7A=
1250,571,mDVr1YNy5DkcU4QjnZLWzC2aV38=,WLMN3YbU0nsurqFRuuBEXqJrD7A=
1251,570,mDVr1YNy5DkcU4QjnZLWzC2aV38=,WLMN3YbU0nsurqFRuuBEXqJrD7A=
1259,568,mDVr1YNy5DkcU4QjnZLWzC2aV38=,WLMN3YbU0nsurqFRuuBEXqJrD7A=
1249,570,mDVr1YNy5DkcU4QjnZLWzC2aV38=,WLMN3YbU0nsurqFRuuBEXqJrD7A=
1258,568,mDVr1YNy5DkcU4QjnZLWzC2aV38=,WLMN3YbU0nsurqFRuuBEXqJrD7A=
1263,569,mDVr1YNy5DkcU4QjnZLWzC2aV38=,WLMN3YbU0nsurqFRuuBEXqJrD7A=
1257,568,mDVr1YNy5DkcU4QjnZLWzC2aV38=,WLMN3YbU0nsurqFRuuBEXqJrD7A=
1256,568,mDVr1YNy5DkcU4QjnZLWzC2aV38=,WLMN3YbU0nsurqFRuuBEXqJrD7A=
1255,568,mDVr1YNy5DkcU4QjnZLWzC2aV38=,WLMN3YbU0nsurqFRuuBEXqJrD7A=
1253,568,mDVr1YNy5DkcU4QjnZLWzC2aV38=,WLMN3YbU0nsurqFRuuBEXqJrD7A=
1252,568,mDVr1YNy5DkcU4QjnZLWzC2aV38=,WLMN3YbU0nsurqFRuuBEXqJrD7A=
1254,568,mDVr1YNy5DkcU4QjnZLWzC2aV38=,WLMN3YbU0nsurqFRuuBEXqJrD7A=
1251,571,mDVr1YNy5DkcU4QjnZLWzC2aV38=,WLMN3YbU0nsurqFRuuBEXqJrD7A=
1262,570,mDVr1YNy5DkcU4QjnZLWzC2aV38=,WLMN3YbU0nsurqFRuuBEXqJrD7A=
1263,571,mDVr1YNy5DkcU4QjnZLWzC2aV38=,WLMN3YbU0nsurqFRuuBEXqJrD7A=
1249,571,mDVr1YNy5DkcU4QjnZLWzC2aV38=,WLMN3YbU0nsurqFRuuBEXqJrD7A=
1254,572,mDVr1YNy5DkcU4QjnZLWzC2aV38=,WLMN3YbU0nsurqFRuuBEXqJrD7A=
1260,570,mDVr1YNy5DkcU4QjnZLWzC2aV38=,WLMN3YbU0nsurqFRuuBEXqJrD7A=
1262,569,mDVr1YNy5DkcU4QjnZLWzC2aV38=,WLMN3YbU0nsurqFRuuBEXqJrD7A=
1250,570,mDVr1YNy5DkcU4QjnZLWzC2aV38=,WLMN3YbU0nsurqFRuuBEXqJrD7A=
1248,569,mDVr1YNy5DkcU4QjnZLWzC2aV38=,WLMN3YbU0nsurqFRuuBEXqJrD7A=
1248,571,mDVr1YNy5DkcU4QjnZLWzC2aV38=,WLMN3YbU0nsurqFRuuBEXqJrD7A=
1251,569,mDVr1YNy5DkcU4QjnZLWzC2aV38=,WLMN3YbU0nsurqFRuuBEXqJrD7A=
1248,570,mDVr1YNy5DkcU4QjnZLWzC2aV38=,WLMN3YbU0nsurqFRuuBEXqJrD7A=
1260,569,mDVr1YNy5DkcU4QjnZLWzC2aV38=,WLMN3YbU0nsurqFRuuBEXqJrD7A=
1262,568,mDVr1YNy5DkcU4QjnZLWzC2aV38=,WLMN3YbU0nsurqFRuuBEXqJrD7A=
1251,567,mDVr1YNy5DkcU4QjnZLWzC2aV38=,WLMN3YbU0nsurqFRuuBEXqJrD7A=
1250,567,mDVr1YNy5DkcU4QjnZLWzC2aV38=,WLMN3YbU0nsurqFRuuBEXqJrD7A=
1249,567,mDVr1YNy5DkcU4QjnZLWzC2aV38=,WLMN3YbU0nsurqFRuuBEXqJrD7A=
1248,567,mDVr1YNy5DkcU4QjnZLWzC2aV38=,WLMN3YbU0nsurqFRuuBEXqJrD7A=
1261,568,mDVr1YNy5DkcU4QjnZLWzC2aV38=,WLMN3YbU0nsurqFRuuBEXqJrD7A=
1261,569,mDVr1YNy5DkcU4QjnZLWzC2aV38=,WLMN3YbU0nsurqFRuuBEXqJrD7A=
1251,574,mDVr1YNy5DkcU4QjnZLWzC2aV38=,WLMN3YbU0nsurqFRuuBEXqJrD7A=
1254,560,mDVr1YNy5DkcU4QjnZLWzC2aV38=,WLMN3YbU0nsurqFRuuBEXqJrD7A=
1260,568,mDVr1YNy5DkcU4QjnZLWzC2aV38=,WLMN3YbU0nsurqFRuuBEXqJrD7A=
1250,568,mDVr1YNy5DkcU4QjnZLWzC2aV38=,WLMN3YbU0nsurqFRuuBEXqJrD7A=
1253,567,mDVr1YNy5DkcU4QjnZLWzC2aV38=,WLMN3YbU0nsurqFRuuBEXqJrD7A=
1259,567,mDVr1YNy5DkcU4QjnZLWzC2aV38=,WLMN3YbU0nsurqFRuuBEXqJrD7A=
1263,567,mDVr1YNy5DkcU4QjnZLWzC2aV38=,WLMN3YbU0nsurqFRuuBEXqJrD7A=
1250,569,mDVr1YNy5DkcU4QjnZLWzC2aV38=,WLMN3YbU0nsurqFRuuBEXqJrD7A=
1252,567,mDVr1YNy5DkcU4QjnZLWzC2aV38=,WLMN3YbU0nsurqFRuuBEXqJrD7A=
1256,567,mDVr1YNy5DkcU4QjnZLWzC2aV38=,WLMN3YbU0nsurqFRuuBEXqJrD7A=
1255,560,mDVr1YNy5DkcU4QjnZLWzC2aV38=,WLMN3YbU0nsurqFRuuBEXqJrD7A=
1263,566,mDVr1YNy5DkcU4QjnZLWzC2aV38=,WLMN3YbU0nsurqFRuuBEXqJrD7A=
1251,566,mDVr1YNy5DkcU4QjnZLWzC2aV38=,WLMN3YbU0nsurqFRuuBEXqJrD7A=
1250,566,mDVr1YNy5DkcU4QjnZLWzC2aV38=,WLMN3YbU0nsurqFRuuBEXqJrD7A=
1249,566,mDVr1YNy5DkcU4QjnZLWzC2aV38=,WLMN3YbU0nsurqFRuuBEXqJrD7A=
1248,566,mDVr1YNy5DkcU4QjnZLWzC2aV38=,WLMN3YbU0nsurqFRuuBEXqJrD7A=
1262,566,mDVr1YNy5DkcU4QjnZLWzC2aV38=,WLMN3YbU0nsurqFRuuBEXqJrD7A=
1260,567,mDVr1YNy5DkcU4QjnZLWzC2aV38=,WLMN3YbU0nsurqFRuuBEXqJrD7A=
1258,567,mDVr1YNy5DkcU4QjnZLWzC2aV38=,WLMN3YbU0nsurqFRuuBEXqJrD7A=
1254,566,mDVr1YNy5DkcU4QjnZLWzC2aV38=,WLMN3YbU0nsurqFRuuBEXqJrD7A=
1248,568,mDVr1YNy5DkcU4QjnZLWzC2aV38=,WLMN3YbU0nsurqFRuuBEXqJrD7A=
1262,567,mDVr1YNy5DkcU4QjnZLWzC2aV38=,WLMN3YbU0nsurqFRuuBEXqJrD7A=
1252,573,mDVr1YNy5DkcU4QjnZLWzC2aV38=,WLMN3YbU0nsurqFRuuBEXqJrD7A=
1263,565,mDVr1YNy5DkcU4QjnZLWzC2aV38=,WLMN3YbU0nsurqFRuuBEXqJrD7A=
1249,568,mDVr1YNy5DkcU4QjnZLWzC2aV38=,WLMN3YbU0nsurqFRuuBEXqJrD7A=
1261,566,mDVr1YNy5DkcU4QjnZLWzC2aV38=,WLMN3YbU0nsurqFRuuBEXqJrD7A=
1262,565,mDVr1YNy5DkcU4QjnZLWzC2aV38=,WLMN3YbU0nsurqFRuuBEXqJrD7A=
1254,567,mDVr1YNy5DkcU4QjnZLWzC2aV38=,WLMN3YbU0nsurqFRuuBEXqJrD7A=
1251,565,mDVr1YNy5DkcU4QjnZLWzC2aV38=,WLMN3YbU0nsurqFRuuBEXqJrD7A=
1249,565,mDVr1YNy5DkcU4QjnZLWzC2aV38=,WLMN3YbU0nsurqFRuuBEXqJrD7A=
1250,565,mDVr1YNy5DkcU4QjnZLWzC2aV38=,WLMN3YbU0nsurqFRuuBEXqJrD7A=
1248,565,mDVr1YNy5DkcU4QjnZLWzC2aV38=,WLMN3YbU0nsurqFRuuBEXqJrD7A=
1253,566,mDVr1YNy5DkcU4QjnZLWzC2aV38=,WLMN3YbU0nsurqFRuuBEXqJrD7A=
1256,566,mDVr1YNy5DkcU4QjnZLWzC2aV38=,WLMN3YbU0nsurqFRuuBEXqJrD7A=
1257,566,mDVr1YNy5DkcU4QjnZLWzC2aV38=,WLMN3YbU0nsurqFRuuBEXqJrD7A=
1259,566,mDVr1YNy5DkcU4QjnZLWzC2aV38=,WLMN3YbU0nsurqFRuuBEXqJrD7A=
1258,566,mDVr1YNy5DkcU4QjnZLWzC2aV38=,WLMN3YbU0nsurqFRuuBEXqJrD7A=
1259,564,mDVr1YNy5DkcU4QjnZLWzC2aV38=,WLMN3YbU0nsurqFRuuBEXqJrD7A=
1252,566,mDVr1YNy5DkcU4QjnZLWzC2aV38=,WLMN3YbU0nsurqFRuuBEXqJrD7A=
1255,567,mDVr1YNy5DkcU4QjnZLWzC2aV38=,WLMN3YbU0nsurqFRuuBEXqJrD7A=
1257,567,mDVr1YNy5DkcU4QjnZLWzC2aV38=,WLMN3YbU0nsurqFRuuBEXqJrD7A=
1253,572,mDVr1YNy5DkcU4QjnZLWzC2aV38=,WLMN3YbU0nsurqFRuuBEXqJrD7A=
1258,565,mDVr1YNy5DkcU4QjnZLWzC2aV38=,WLMN3YbU0nsurqFRuuBEXqJrD7A=
1260,564,mDVr1YNy5DkcU4QjnZLWzC2aV38=,WLMN3YbU0nsurqFRuuBEXqJrD7A=
1251,564,mDVr1YNy5DkcU4QjnZLWzC2aV38=,WLMN3YbU0nsurqFRuuBEXqJrD7A=
1250,564,mDVr1YNy5DkcU4QjnZLWzC2aV38=,WLMN3YbU0nsurqFRuuBEXqJrD7A=
1249,564,mDVr1YNy5DkcU4QjnZLWzC2aV38=,WLMN3YbU0nsurqFRuuBEXqJrD7A=
1258,564,mDVr1YNy5DkcU4QjnZLWzC2aV38=,WLMN3YbU0nsurqFRuuBEXqJrD7A=
1248,564,mDVr1YNy5DkcU4QjnZLWzC2aV38=,WLMN3YbU0nsurqFRuuBEXqJrD7A=
1256,560,mDVr1YNy5DkcU4QjnZLWzC2aV38=,WLMN3YbU0nsurqFRuuBEXqJrD7A=
1262,564,mDVr1YNy5DkcU4QjnZLWzC2aV38=,WLMN3YbU0nsurqFRuuBEXqJrD7A=
1263,568,mDVr1YNy5DkcU4QjnZLWzC2aV38=,WLMN3YbU0nsurqFRuuBEXqJrD7A=
1255,566,mDVr1YNy5DkcU4QjnZLWzC2aV38=,WLMN3YbU0nsurqFRuuBEXqJrD7A=
1260,566,mDVr1YNy5DkcU4QjnZLWzC2aV38=,WLMN3YbU0nsurqFRuuBEXqJrD7A=
1256,565,mDVr1YNy5DkcU4QjnZLWzC2aV38=,WLMN3YbU0nsurqFRuuBEXqJrD7A=
1261,563,mDVr1YNy5DkcU4QjnZLWzC2aV38=,WLMN3YbU0nsurqFRuuBEXqJrD7A=
1260,565,mDVr1YNy5DkcU4QjnZLWzC2aV38=,WLMN3YbU0nsurqFRuuBEXqJrD7A=
1257,564,mDVr1YNy5DkcU4QjnZLWzC2aV38=,WLMN3YbU0nsurqFRuuBEXqJrD7A=
1257,565,mDVr1YNy5DkcU4QjnZLWzC2aV38=,WLMN3YbU0nsurqFRuuBEXqJrD7A=
1261,565,mDVr1YNy5DkcU4QjnZLWzC2aV38=,WLMN3YbU0nsurqFRuuBEXqJrD7A=
1262,563,mDVr1YNy5DkcU4QjnZLWzC2aV38=,WLMN3YbU0nsurqFRuuBEXqJrD7A=
1254,564,mDVr1YNy5DkcU4QjnZLWzC2aV38=,WLMN3YbU0nsurqFRuuBEXqJrD7A=
1254,565,mDVr1YNy5DkcU4QjnZLWzC2aV38=,WLMN3YbU0nsurqFRuuBEXqJrD7A=
1252,564,mDVr1YNy5DkcU4QjnZLWzC2aV38=,WLMN3YbU0nsurqFRuuBEXqJrD7A=
1256,564,mDVr1YNy5DkcU4QjnZLWzC2aV38=,WLMN3YbU0nsurqFRuuBEXqJrD7A=
1260,563,mDVr1YNy5DkcU4QjnZLWzC2aV38=,WLMN3YbU0nsurqFRuuBEXqJrD7A=
1249,569,mDVr1YNy5DkcU4QjnZLWzC2aV38=,WLMN3YbU0nsurqFRuuBEXqJrD7A=
1253,565,mDVr1YNy5DkcU4QjnZLWzC2aV38=,WLMN3YbU0nsurqFRuuBEXqJrD7A=
1255,564,mDVr1YNy5DkcU4QjnZLWzC2aV38=,WLMN3YbU0nsurqFRuuBEXqJrD7A=
1259,563,mDVr1YNy5DkcU4QjnZLWzC2aV38=,WLMN3YbU0nsurqFRuuBEXqJrD7A=
1255,563,mDVr1YNy5DkcU4QjnZLWzC2aV38=,WLMN3YbU0nsurqFRuuBEXqJrD7A=
1259,565,mDVr1YNy5DkcU4QjnZLWzC2aV38=,WLMN3YbU0nsurqFRuuBEXqJrD7A=
1256,563,mDVr1YNy5DkcU4QjnZLWzC2aV38=,WLMN3YbU0nsurqFRuuBEXqJrD7A=
1252,563,mDVr1YNy5DkcU4QjnZLWzC2aV38=,WLMN3YbU0nsurqFRuuBEXqJrD7A=
1261,567,mDVr1YNy5DkcU4QjnZLWzC2aV38=,WLMN3YbU0nsurqFRuuBEXqJrD7A=
1252,562,mDVr1YNy5DkcU4QjnZLWzC2aV38=,WLMN3YbU0nsurqFRuuBEXqJrD7A=
1258,563,mDVr1YNy5DkcU4QjnZLWzC2aV38=,WLMN3YbU0nsurqFRuuBEXqJrD7A=
1251,563,mDVr1YNy5DkcU4QjnZLWzC2aV38=,WLMN3YbU0nsurqFRuuBEXqJrD7A=
1253,562,mDVr1YNy5DkcU4QjnZLWzC2aV38=,WLMN3YbU0nsurqFRuuBEXqJrD7A=
1254,563,mDVr1YNy5DkcU4QjnZLWzC2aV38=,WLMN3YbU0nsurqFRuuBEXqJrD7A=
1263,562,mDVr1YNy5DkcU4QjnZLWzC2aV38=,WLMN3YbU0nsurqFRuuBEXqJrD7A=
1254,562,mDVr1YNy5DkcU4QjnZLWzC2aV38=,WLMN3YbU0nsurqFRuuBEXqJrD7A=
1251,562,mDVr1YNy5DkcU4QjnZLWzC2aV38=,WLMN3YbU0nsurqFRuuBEXqJrD7A=
1262,562,mDVr1YNy5DkcU4QjnZLWzC2aV38=,WLMN3YbU0nsurqFRuuBEXqJrD7A=
1250,563,mDVr1YNy5DkcU4QjnZLWzC2aV38=,WLMN3YbU0nsurqFRuuBEXqJrD7A=
1257,560,mDVr1YNy5DkcU4QjnZLWzC2aV38=,WLMN3YbU0nsurqFRuuBEXqJrD7A=
1255,562,mDVr1YNy5DkcU4QjnZLWzC2aV38=,WLMN3YbU0nsurqFRuuBEXqJrD7A=
1257,563,mDVr1YNy5DkcU4QjnZLWzC2aV38=,WLMN3YbU0nsurqFRuuBEXqJrD7A=
1261,562,mDVr1YNy5DkcU4QjnZLWzC2aV38=,WLMN3YbU0nsurqFRuuBEXqJrD7A=
1253,563,mDVr1YNy5DkcU4QjnZLWzC2aV38=,WLMN3YbU0nsurqFRuuBEXqJrD7A=
1259,562,mDVr1YNy5DkcU4QjnZLWzC2aV38=,WLMN3YbU0nsurqFRuuBEXqJrD7A=
1250,562,mDVr1YNy5DkcU4QjnZLWzC2aV38=,WLMN3YbU0nsurqFRuuBEXqJrD7A=
1260,562,mDVr1YNy5DkcU4QjnZLWzC2aV38=,WLMN3YbU0nsurqFRuuBEXqJrD7A=
1248,563,mDVr1YNy5DkcU4QjnZLWzC2aV38=,WLMN3YbU0nsurqFRuuBEXqJrD7A=
1249,562,mDVr1YNy5DkcU4QjnZLWzC2aV38=,WLMN3YbU0nsurqFRuuBEXqJrD7A=
1252,561,mDVr1YNy5DkcU4QjnZLWzC2aV38=,WLMN3YbU0nsurqFRuuBEXqJrD7A=
1257,562,mDVr1YNy5DkcU4QjnZLWzC2aV38=,WLMN3YbU0nsurqFRuuBEXqJrD7A=
1249,563,mDVr1YNy5DkcU4QjnZLWzC2aV38=,WLMN3YbU0nsurqFRuuBEXqJrD7A=
1253,561,mDVr1YNy5DkcU4QjnZLWzC2aV38=,WLMN3YbU0nsurqFRuuBEXqJrD7A=
1256,561,mDVr1YNy5DkcU4QjnZLWzC2aV38=,WLMN3YbU0nsurqFRuuBEXqJrD7A=
1255,561,mDVr1YNy5DkcU4QjnZLWzC2aV38=,WLMN3YbU0nsurqFRuuBEXqJrD7A=
1262,561,mDVr1YNy5DkcU4QjnZLWzC2aV38=,WLMN3YbU0nsurqFRuuBEXqJrD7A=
1258,561,mDVr1YNy5DkcU4QjnZLWzC2aV38=,WLMN3YbU0nsurqFRuuBEXqJrD7A=
1263,560,mDVr1YNy5DkcU4QjnZLWzC2aV38=,WLMN3YbU0nsurqFRuuBEXqJrD7A=
1259,560,mDVr1YNy5DkcU4QjnZLWzC2aV38=,WLMN3YbU0nsurqFRuuBEXqJrD7A=
1258,560,mDVr1YNy5DkcU4QjnZLWzC2aV38=,WLMN3YbU0nsurqFRuuBEXqJrD7A=
1260,561,mDVr1YNy5DkcU4QjnZLWzC2aV38=,WLMN3YbU0nsurqFRuuBEXqJrD7A=
1254,561,mDVr1YNy5DkcU4QjnZLWzC2aV38=,WLMN3YbU0nsurqFRuuBEXqJrD7A=
1259,561,mDVr1YNy5DkcU4QjnZLWzC2aV38=,WLMN3YbU0nsurqFRuuBEXqJrD7A=
1258,562,mDVr1YNy5DkcU4QjnZLWzC2aV38=,WLMN3YbU0nsurqFRuuBEXqJrD7A=
1261,564,mDVr1YNy5DkcU4QjnZLWzC2aV38=,WLMN3YbU0nsurqFRuuBEXqJrD7A=
1263,561,mDVr1YNy5DkcU4QjnZLWzC2aV38=,WLMN3YbU0nsurqFRuuBEXqJrD7A=
1261,561,mDVr1YNy5DkcU4QjnZLWzC2aV38=,WLMN3YbU0nsurqFRuuBEXqJrD7A=
1248,562,mDVr1YNy5DkcU4QjnZLWzC2aV38=,WLMN3YbU0nsurqFRuuBEXqJrD7A=
1251,568,mDVr1YNy5DkcU4QjnZLWzC2aV38=,WLMN3YbU0nsurqFRuuBEXqJrD7A=
1260,560,mDVr1YNy5DkcU4QjnZLWzC2aV38=,WLMN3YbU0nsurqFRuuBEXqJrD7A=
1263,564,mDVr1YNy5DkcU4QjnZLWzC2aV38=,WLMN3YbU0nsurqFRuuBEXqJrD7A=
1250,561,mDVr1YNy5DkcU4QjnZLWzC2aV38=,WLMN3YbU0nsurqFRuuBEXqJrD7A=
1255,565,mDVr1YNy5DkcU4QjnZLWzC2aV38=,WLMN3YbU0nsurqFRuuBEXqJrD7A=
1261,560,mDVr1YNy5DkcU4QjnZLWzC2aV38=,WLMN3YbU0nsurqFRuuBEXqJrD7A=
1252,565,mDVr1YNy5DkcU4QjnZLWzC2aV38=,WLMN3YbU0nsurqFRuuBEXqJrD7A=
1262,560,mDVr1YNy5DkcU4QjnZLWzC2aV38=,WLMN3YbU0nsurqFRuuBEXqJrD7A=
1251,561,mDVr1YNy5DkcU4QjnZLWzC2aV38=,WLMN3YbU0nsurqFRuuBEXqJrD7A=
1253,564,mDVr1YNy5DkcU4QjnZLWzC2aV38=,WLMN3YbU0nsurqFRuuBEXqJrD7A=
1256,562,mDVr1YNy5DkcU4QjnZLWzC2aV38=,WLMN3YbU0nsurqFRuuBEXqJrD7A=
1263,563,mDVr1YNy5DkcU4QjnZLWzC2aV38=,WLMN3YbU0nsurqFRuuBEXqJrD7A=
1248,561,mDVr1YNy5DkcU4QjnZLWzC2aV38=,WLMN3YbU0nsurqFRuuBEXqJrD7A=
1257,561,mDVr1YNy5DkcU4QjnZLWzC2aV38=,WLMN3YbU0nsurqFRuuBEXqJrD7A=
1249,561,mDVr1YNy5DkcU4QjnZLWzC2aV38=,WLMN3YbU0nsurqFRuuBEXqJrD7A=
1279,575,STRHIHRHvuo61M1f0PxS2YOG8OQ=,WLMN3YbU0nsurqFRuuBEXqJrD7A=
1278,575,STRHIHRHvuo61M1f0PxS2YOG8OQ=,WLMN3YbU0nsurqFRuuBEXqJrD7A=
1275,575,STRHIHRHvuo61M1f0PxS2YOG8OQ=,WLMN3YbU0nsurqFRuuBEXqJrD7A=
1277,575,STRHIHRHvuo61M1f0PxS2YOG8OQ=,WLMN3YbU0nsurqFRuuBEXqJrD7A=
1273,575,STRHIHRHvuo61M1f0PxS2YOG8OQ=,WLMN3YbU0nsurqFRuuBEXqJrD7A=
1274,575,STRHIHRHvuo61M1f0PxS2YOG8OQ=,WLMN3YbU0nsurqFRuuBEXqJrD7A=
1272,575,STRHIHRHvuo61M1f0PxS2YOG8OQ=,WLMN3YbU0nsurqFRuuBEXqJrD7A=
1271,575,STRHIHRHvuo61M1f0PxS2YOG8OQ=,WLMN3YbU0nsurqFRuuBEXqJrD7A=
1270,575,STRHIHRHvuo61M1f0PxS2YOG8OQ=,WLMN3YbU0nsurqFRuuBEXqJrD7A=
1269,575,STRHIHRHvuo61M1f0PxS2YOG8OQ=,WLMN3YbU0nsurqFRuuBEXqJrD7A=
1268,575,STRHIHRHvuo61M1f0PxS2YOG8OQ=,WLMN3YbU0nsurqFRuuBEXqJrD7A=
1279,574,STRHIHRHvuo61M1f0PxS2YOG8OQ=,WLMN3YbU0nsurqFRuuBEXqJrD7A=
1278,574,STRHIHRHvuo61M1f0PxS2YOG8OQ=,WLMN3YbU0nsurqFRuuBEXqJrD7A=
1266,560,STRHIHRHvuo61M1f0PxS2YOG8OQ=,WLMN3YbU0nsurqFRuuBEXqJrD7A=
1275,574,STRHIHRHvuo61M1f0PxS2YOG8OQ=,WLMN3YbU0nsurqFRuuBEXqJrD7A=
1274,574,STRHIHRHvuo61M1f0PxS2YOG8OQ=,WLMN3YbU0nsurqFRuuBEXqJrD7A=
1273,574,STRHIHRHvuo61M1f0PxS2YOG8OQ=,WLMN3YbU0nsurqFRuuBEXqJrD7A=
1271,574,STRHIHRHvuo61M1f0PxS2YOG8OQ=,WLMN3YbU0nsurqFRuuBEXqJrD7A=
1270,574,STRHIHRHvuo61M1f0PxS2YOG8OQ=,WLMN3YbU0nsurqFRuuBEXqJrD7A=
1277,574,STRHIHRHvuo61M1f0PxS2YOG8OQ=,WLMN3YbU0nsurqFRuuBEXqJrD7A=
1272,574,STRHIHRHvuo61M1f0PxS2YOG8OQ=,WLMN3YbU0nsurqFRuuBEXqJrD7A=
1269,574,STRHIHRHvuo61M1f0PxS2YOG8OQ=,WLMN3YbU0nsurqFRuuBEXqJrD7A=
1268,574,STRHIHRHvuo61M1f0PxS2YOG8OQ=,WLMN3YbU0nsurqFRuuBEXqJrD7A=
1276,575,STRHIHRHvuo61M1f0PxS2YOG8OQ=,WLMN3YbU0nsurqFRuuBEXqJrD7A=
1278,573,STRHIHRHvuo61M1f0PxS2YOG8OQ=,WLMN3YbU0nsurqFRuuBEXqJrD7A=
1275,573,STRHIHRHvuo61M1f0PxS2YOG8OQ=,WLMN3YbU0nsurqFRuuBEXqJrD7A=
1277,573,STRHIHRHvuo61M1f0PxS2YOG8OQ=,WLMN3YbU0nsurqFRuuBEXqJrD7A=
1274,573,STRHIHRHvuo61M1f0PxS2YOG8OQ=,WLMN3YbU0nsurqFRuuBEXqJrD7A=
1273,573,STRHIHRHvuo61M1f0PxS2YOG8OQ=,WLMN3YbU0nsurqFRuuBEXqJrD7A=
1272,573,STRHIHRHvuo61M1f0PxS2YOG8OQ=,WLMN3YbU0nsurqFRuuBEXqJrD7A=
1271,573,STRHIHRHvuo61M1f0PxS2YOG8OQ=,WLMN3YbU0nsurqFRuuBEXqJrD7A=
1269,573,STRHIHRHvuo61M1f0PxS2YOG8OQ=,WLMN3YbU0nsurqFRuuBEXqJrD7A=
1270,573,STRHIHRHvuo61M1f0PxS2YOG8OQ=,WLMN3YbU0nsurqFRuuBEXqJrD7A=
1275,572,STRHIHRHvuo61M1f0PxS2YOG8OQ=,WLMN3YbU0nsurqFRuuBEXqJrD7A=
1276,574,STRHIHRHvuo61M1f0PxS2YOG8OQ=,WLMN3YbU0nsurqFRuuBEXqJrD7A=
1268,573,STRHIHRHvuo61M1f0PxS2YOG8OQ=,WLMN3YbU0nsurqFRuuBEXqJrD7A=
1273,572,STRHIHRHvuo61M1f0PxS2YOG8OQ=,WLMN3YbU0nsurqFRuuBEXqJrD7A=
1274,572,STRHIHRHvuo61M1f0PxS2YOG8OQ=,WLMN3YbU0nsurqFRuuBEXqJrD7A=
1272,572,STRHIHRHvuo61M1f0PxS2YOG8OQ=,WLMN3YbU0nsurqFRuuBEXqJrD7A=
1271,572,STRHIHRHvuo61M1f0PxS2YOG8OQ=,WLMN3YbU0nsurqFRuuBEXqJrD7A=
1269,572,STRHIHRHvuo61M1f0PxS2YOG8OQ=,WLMN3YbU0nsurqFRuuBEXqJrD7A=
1270,572,STRHIHRHvuo61M1f0PxS2YOG8OQ=,WLMN3YbU0nsurqFRuuBEXqJrD7A=
1268,572,STRHIHRHvuo61M1f0PxS2YOG8OQ=,WLMN3YbU0nsurqFRuuBEXqJrD7A=
1276,573,STRHIHRHvuo61M1f0PxS2YOG8OQ=,WLMN3YbU0nsurqFRuuBEXqJrD7A=
1265,573,STRHIHRHvuo61M1f0PxS2YOG8OQ=,WLMN3YbU0nsurqFRuuBEXqJrD7A=
1279,571,STRHIHRHvuo61M1f0PxS2YOG8OQ=,WLMN3YbU0nsurqFRuuBEXqJrD7A=
1267,560,STRHIHRHvuo61M1f0PxS2YOG8OQ=,WLMN3YbU0nsurqFRuuBEXqJrD7A=
1277,572,STRHIHRHvuo61M1f0PxS2YOG8OQ=,WLMN3YbU0nsurqFRuuBEXqJrD7A=
1277,571,STRHIHRHvuo61M1f0PxS2YOG8OQ=,WLMN3YbU0nsurqFRuuBEXqJrD7A=
1278,571,STRHIHRHvuo61M1f0PxS2YOG8OQ=,WLMN3YbU0nsurqFRuuBEXqJrD7A=
1276,571,STRHIHRHvuo61M1f0PxS2YOG8OQ=,WLMN3YbU0nsurqFRuuBEXqJrD7A=
1273,571,STRHIHRHvuo61M1f0PxS2YOG8OQ=,WLMN3YbU0nsurqFRuuBEXqJrD7A=
1275,571,STRHIHRHvuo61M1f0PxS2YOG8OQ=,WLMN3YbU0nsurqFRuuBEXqJrD7A=
1274,571,STRHIHRHvuo61M1f0PxS2YOG8OQ=,WLMN3YbU0nsurqFRuuBEXqJrD7A=
1272,571,STRHIHRHvuo61M1f0PxS2YOG8OQ=,WLMN3YbU0nsurqFRuuBEXqJrD7A=
1264,574,STRHIHRHvuo61M1f0PxS2YOG8OQ=,WLMN3YbU0nsurqFRuuBEXqJrD7A=
1264,573,STRHIHRHvuo61M1f0PxS2YOG8OQ=,WLMN3YbU0nsurqFRuuBEXqJrD7A=
1265,560,STRHIHRHvuo61M1f0PxS2YOG8OQ=,WLMN3YbU0nsurqFRuuBEXqJrD7A=
1270,571,STRHIHRHvuo61M1f0PxS2YOG8OQ=,WLMN3YbU0nsurqFRuuBEXqJrD7A=
1276,572,STRHIHRHvuo61M1f0PxS2YOG8OQ=,WLMN3YbU0nsurqFRuuBEXqJrD7A=
1269,571,STRHIHRHvuo61M1f0PxS2YOG8OQ=,WLMN3YbU0nsurqFRuuBEXqJrD7A=
1279,570,STRHIHRHvuo61M1f0PxS2YOG8OQ=,WLMN3YbU0nsurqFRuuBEXqJrD7A=
1265,574,STRHIHRHvuo61M1f0PxS2YOG8OQ=,WLMN3YbU0nsurqFRuuBEXqJrD7A=
1279,573,STRHIHRHvuo61M1f0PxS2YOG8OQ=,WLMN3YbU0nsurqFRuuBEXqJrD7A=
1271,571,STRHIHRHvuo61M1f0PxS2YOG8OQ=,WLMN3YbU0nsurqFRuuBEXqJrD7A=
1277,570,STRHIHRHvuo61M1f0PxS2YOG8OQ=,WLMN3YbU0nsurqFRuuBEXqJrD7A=
1278,570,STRHIHRHvuo61M1f0PxS2YOG8OQ=,WLMN3YbU0nsurqFRuuBEXqJrD7A=
1275,570,STRHIHRHvuo61M1f0PxS2YOG8OQ=,WLMN3YbU0nsurqFRuuBEXqJrD7A=
1274,570,STRHIHRHvuo61M1f0PxS2YOG8OQ=,WLMN3YbU0nsurqFRuuBEXqJrD7A=
1276,570,STRHIHRHvuo61M1f0PxS2YOG8OQ=,WLMN3YbU0nsurqFRuuBEXqJrD7A=
1273,570,STRHIHRHvuo61M1f0PxS2YOG8OQ=,WLMN3YbU0nsurqFRuuBEXqJrD7A=
1272,570,STRHIHRHvuo61M1f0PxS2YOG8OQ=,WLMN3YbU0nsurqFRuuBEXqJrD7A=
1270,570,STRHIHRHvuo61M1f0PxS2YOG8OQ=,WLMN3YbU0nsurqFRuuBEXqJrD7A=
1269,570,STRHIHRHvuo61M1f0PxS2YOG8OQ=,WLMN3YbU0nsurqFRuuBEXqJrD7A=
1267,573,STRHIHRHvuo61M1f0PxS2YOG8OQ=,WLMN3YbU0nsurqFRuuBEXqJrD7A=
1268,570,STRHIHRHvuo61M1f0PxS2YOG8OQ=,WLMN3YbU0nsurqFRuuBEXqJrD7A=
1271,570,STRHIHRHvuo61M1f0PxS2YOG8OQ=,WLMN3YbU0nsurqFRuuBEXqJrD7A=
1264,560,STRHIHRHvuo61M1f0PxS2YOG8OQ=,WLMN3YbU0nsurqFRuuBEXqJrD7A=
1279,569,STRHIHRHvuo61M1f0PxS2YOG8OQ=,WLMN3YbU0nsurqFRuuBEXqJrD7A=
1266,572,STRHIHRHvuo61M1f0PxS2YOG8OQ=,WLMN3YbU0nsurqFRuuBEXqJrD7A=
1278,569,STRHIHRHvuo61M1f0PxS2YOG8OQ=,WLMN3YbU0nsurqFRuuBEXqJrD7A=
1277,569,STRHIHRHvuo61M1f0PxS2YOG8OQ=,WLMN3YbU0nsurqFRuuBEXqJrD7A=
1275,569,STRHIHRHvuo61M1f0PxS2YOG8OQ=,WLMN3YbU0nsurqFRuuBEXqJrD7A=
1276,569,STRHIHRHvuo61M1f0PxS2YOG8OQ=,WLMN3YbU0nsurqFRuuBEXqJrD7A=
1274,569,STRHIHRHvuo61M1f0PxS2YOG8OQ=,WLMN3YbU0nsurqFRuuBEXqJrD7A=
1273,569,STRHIHRHvuo61M1f0PxS2YOG8OQ=,WLMN3YbU0nsurqFRuuBEXqJrD7A=
1266,574,STRHIHRHvuo61M1f0PxS2YOG8OQ=,WLMN3YbU0nsurqFRuuBEXqJrD7A=
1265,575,STRHIHRHvuo61M1f0PxS2YOG8OQ=,WLMN3YbU0nsurqFRuuBEXqJrD7A=
1265,572,STRHIHRHvuo61M1f0PxS2YOG8OQ=,WLMN3YbU0nsurqFRuuBEXqJrD7A=
1272,569,STRHIHRHvuo61M1f0PxS2YOG8OQ=,WLMN3YbU0nsurqFRuuBEXqJrD7A=
1269,569,STRHIHRHvuo61M1f0PxS2YOG8OQ=,WLMN3YbU0nsurqFRuuBEXqJrD7A=
1267,575,STRHIHRHvuo61M1f0PxS2YOG8OQ=,WLMN3YbU0nsurqFRuuBEXqJrD7A=
1267,571,STRHIHRHvuo61M1f0PxS2YOG8OQ=,WLMN3YbU0nsurqFRuuBEXqJrD7A=
1267,574,STRHIHRHvuo61M1f0PxS2YOG8OQ=,WLMN3YbU0nsurqFRuuBEXqJrD7A=
1279,568,STRHIHRHvuo61M1f0PxS2YOG8OQ=,WLMN3YbU0nsurqFRuuBEXqJrD7A=
1267,570,STRHIHRHvuo61M1f0PxS2YOG8OQ=,WLMN3YbU0nsurqFRuuBEXqJrD7A=
1268,571,STRHIHRHvuo61M1f0PxS2YOG8OQ=,WLMN3YbU0nsurqFRuuBEXqJrD7A=
1275,568,STRHIHRHvuo61M1f0PxS2YOG8OQ=,WLMN3YbU0nsurqFRuuBEXqJrD7A=
1278,568,STRHIHRHvuo61M1f0PxS2YOG8OQ=,WLMN3YbU0nsurqFRuuBEXqJrD7A=
1276,568,STRHIHRHvuo61M1f0PxS2YOG8OQ=,WLMN3YbU0nsurqFRuuBEXqJrD7A=
1277,568,STRHIHRHvuo61M1f0PxS2YOG8OQ=,WLMN3YbU0nsurqFRuuBEXqJrD7A=
1274,568,STRHIHRHvuo61M1f0PxS2YOG8OQ=,WLMN3YbU0nsurqFRuuBEXqJrD7A=
1264,572,STRHIHRHvuo61M1f0PxS2YOG8OQ=,WLMN3YbU0nsurqFRuuBEXqJrD7A=
1272,568,STRHIHRHvuo61M1f0PxS2YOG8OQ=,WLMN3YbU0nsurqFRuuBEXqJrD7A=
1268,568,STRHIHRHvuo61M1f0PxS2YOG8OQ=,WLMN3YbU0nsurqFRuuBEXqJrD7A=
1273,568,STRHIHRHvuo61M1f0PxS2YOG8OQ=,WLMN3YbU0nsurqFRuuBEXqJrD7A=
1269,568,STRHIHRHvuo61M1f0PxS2YOG8OQ=,WLMN3YbU0nsurqFRuuBEXqJrD7A=
1267,568,STRHIHRHvuo61M1f0PxS2YOG8OQ=,WLMN3YbU0nsurqFRuuBEXqJrD7A=
1267,569,STRHIHRHvuo61M1f0PxS2YOG8OQ=,WLMN3YbU0nsurqFRuuBEXqJrD7A=
1266,573,STRHIHRHvuo61M1f0PxS2YOG8OQ=,WLMN3YbU0nsurqFRuuBEXqJrD7A=
1268,569,STRHIHRHvuo61M1f0PxS2YOG8OQ=,WLMN3YbU0nsurqFRuuBEXqJrD7A=
1264,575,STRHIHRHvuo61M1f0PxS2YOG8OQ=,WLMN3YbU0nsurqFRuuBEXqJrD7A=
1267,572,STRHIHRHvuo61M1f0PxS2YOG8OQ=,WLMN3YbU0nsurqFRuuBEXqJrD7A=
1268,560,STRHIHRHvuo61M1f0PxS2YOG8OQ=,WLMN3YbU0nsurqFRuuBEXqJrD7A=
1266,569,STRHIHRHvuo61M1f0PxS2YOG8OQ=,WLMN3YbU0nsurqFRuuBEXqJrD7A=
1266,568,STRHIHRHvuo61M1f0PxS2YOG8OQ=,WLMN3YbU0nsurqFRuuBEXqJrD7A=
1270,569,STRHIHRHvuo61M1f0PxS2YOG8OQ=,WLMN3YbU0nsurqFRuuBEXqJrD7A=
1266,575,STRHIHRHvuo61M1f0PxS2YOG8OQ=,WLMN3YbU0nsurqFRuuBEXqJrD7A=
1275,567,STRHIHRHvuo61M1f0PxS2YOG8OQ=,WLMN3YbU0nsurqFRuuBEXqJrD7A=
1270,568,STRHIHRHvuo61M1f0PxS2YOG8OQ=,WLMN3YbU0nsurqFRuuBEXqJrD7A=
1265,570,STRHIHRHvuo61M1f0PxS2YOG8OQ=,WLMN3YbU0nsurqFRuuBEXqJrD7A=
1269,567,STRHIHRHvuo61M1f0PxS2YOG8OQ=,WLMN3YbU0nsurqFRuuBEXqJrD7A=
1264,571,STRHIHRHvuo61M1f0PxS2YOG8OQ=,WLMN3YbU0nsurqFRuuBEXqJrD7A=
1268,567,STRHIHRHvuo61M1f0PxS2YOG8OQ=,WLMN3YbU0nsurqFRuuBEXqJrD7A=
1279,572,STRHIHRHvuo61M1f0PxS2YOG8OQ=,WLMN3YbU0nsurqFRuuBEXqJrD7A=
1264,570,STRHIHRHvuo61M1f0PxS2YOG8OQ=,WLMN3YbU0nsurqFRuuBEXqJrD7A=
1267,567,STRHIHRHvuo61M1f0PxS2YOG8OQ=,WLMN3YbU0nsurqFRuuBEXqJrD7A=
1273,567,STRHIHRHvuo61M1f0PxS2YOG8OQ=,WLMN3YbU0nsurqFRuuBEXqJrD7A=
1264,569,STRHIHRHvuo61M1f0PxS2YOG8OQ=,WLMN3YbU0nsurqFRuuBEXqJrD7A=
1271,569,STRHIHRHvuo61M1f0PxS2YOG8OQ=,WLMN3YbU0nsurqFRuuBEXqJrD7A=
1264,568,STRHIHRHvuo61M1f0PxS2YOG8OQ=,WLMN3YbU0nsurqFRuuBEXqJrD7A=
1272,567,STRHIHRHvuo61M1f0PxS2YOG8OQ=,WLMN3YbU0nsurqFRuuBEXqJrD7A=
1266,571,STRHIHRHvuo61M1f0PxS2YOG8OQ=,WLMN3YbU0nsurqFRuuBEXqJrD7A=
1266,570,STRHIHRHvuo61M1f0PxS2YOG8OQ=,WLMN3YbU0nsurqFRuuBEXqJrD7A=
1269,560,STRHIHRHvuo61M1f0PxS2YOG8OQ=,WLMN3YbU0nsurqFRuuBEXqJrD7A=
1274,567,STRHIHRHvuo61M1f0PxS2YOG8OQ=,WLMN3YbU0nsurqFRuuBEXqJrD7A=
1265,571,STRHIHRHvuo61M1f0PxS2YOG8OQ=,WLMN3YbU0nsurqFRuuBEXqJrD7A=
1265,569,STRHIHRHvuo61M1f0PxS2YOG8OQ=,WLMN3YbU0nsurqFRuuBEXqJrD7A=
1275,566,STRHIHRHvuo61M1f0PxS2YOG8OQ=,WLMN3YbU0nsurqFRuuBEXqJrD7A=
1265,568,STRHIHRHvuo61M1f0PxS2YOG8OQ=,WLMN3YbU0nsurqFRuuBEXqJrD7A=
1271,568,STRHIHRHvuo61M1f0PxS2YOG8OQ=,WLMN3YbU0nsurqFRuuBEXqJrD7A=
1266,567,STRHIHRHvuo61M1f0PxS2YOG8OQ=,WLMN3YbU0nsurqFRuuBEXqJrD7A=
1265,567,STRHIHRHvuo61M1f0PxS2YOG8OQ=,WLMN3YbU0nsurqFRuuBEXqJrD7A=
1270,567,STRHIHRHvuo61M1f0PxS2YOG8OQ=,WLMN3YbU0nsurqFRuuBEXqJrD7A=
1272,566,STRHIHRHvuo61M1f0PxS2YOG8OQ=,WLMN3YbU0nsurqFRuuBEXqJrD7A=
1274,566,STRHIHRHvuo61M1f0PxS2YOG8OQ=,WLMN3YbU0nsurqFRuuBEXqJrD7A=
1270,560,STRHIHRHvuo61M1f0PxS2YOG8OQ=,WLMN3YbU0nsurqFRuuBEXqJrD7A=
1271,567,STRHIHRHvuo61M1f0PxS2YOG8OQ=,WLMN3YbU0nsurqFRuuBEXqJrD7A=
1277,566,STRHIHRHvuo61M1f0PxS2YOG8OQ=,WLMN3YbU0nsurqFRuuBEXqJrD7A=
1278,567,STRHIHRHvuo61M1f0PxS2YOG8OQ=,WLMN3YbU0nsurqFRuuBEXqJrD7A=
1279,566,STRHIHRHvuo61M1f0PxS2YOG8OQ=,WLMN3YbU0nsurqFRuuBEXqJrD7A=
1277,567,STRHIHRHvuo61M1f0PxS2YOG8OQ=,WLMN3YbU0nsurqFRuuBEXqJrD7A=
1279,567,STRHIHRHvuo61M1f0PxS2YOG8OQ=,WLMN3YbU0nsurqFRuuBEXqJrD7A=
1267,566,STRHIHRHvuo61M1f0PxS2YOG8OQ=,WLMN3YbU0nsurqFRuuBEXqJrD7A=
1268,566,STRHIHRHvuo61M1f0PxS2YOG8OQ=,WLMN3YbU0nsurqFRuuBEXqJrD7A=
1278,566,STRHIHRHvuo61M1f0PxS2YOG8OQ=,WLMN3YbU0nsurqFRuuBEXqJrD7A=
1276,567,STRHIHRHvuo61M1f0PxS2YOG8OQ=,WLMN3YbU0nsurqFRuuBEXqJrD7A=
1270,566,STRHIHRHvuo61M1f0PxS2YOG8OQ=,WLMN3YbU0nsurqFRuuBEXqJrD7A=
1273,566,STRHIHRHvuo61M1f0PxS2YOG8OQ=,WLMN3YbU0nsurqFRuuBEXqJrD7A=
1266,566,STRHIHRHvuo61M1f0PxS2YOG8OQ=,WLMN3YbU0nsurqFRuuBEXqJrD7A=
1279,565,STRHIHRHvuo61M1f0PxS2YOG8OQ=,WLMN3YbU0nsurqFRuuBEXqJrD7A=
1271,565,STRHIHRHvuo61M1f0PxS2YOG8OQ=,WLMN3YbU0nsurqFRuuBEXqJrD7A=
1276,566,STRHIHRHvuo61M1f0PxS2YOG8OQ=,WLMN3YbU0nsurqFRuuBEXqJrD7A=
1264,566,STRHIHRHvuo61M1f0PxS2YOG8OQ=,WLMN3YbU0nsurqFRuuBEXqJrD7A=
1276,565,STRHIHRHvuo61M1f0PxS2YOG8OQ=,WLMN3YbU0nsurqFRuuBEXqJrD7A=
1269,566,STRHIHRHvuo61M1f0PxS2YOG8OQ=,WLMN3YbU0nsurqFRuuBEXqJrD7A=
1272,565,STRHIHRHvuo61M1f0PxS2YOG8OQ=,WLMN3YbU0nsurqFRuuBEXqJrD7A=
1271,560,STRHIHRHvuo61M1f0PxS2YOG8OQ=,WLMN3YbU0nsurqFRuuBEXqJrD7A=
1275,565,STRHIHRHvuo61M1f0PxS2YOG8OQ=,WLMN3YbU0nsurqFRuuBEXqJrD7A=
1273,565,STRHIHRHvuo61M1f0PxS2YOG8OQ=,WLMN3YbU0nsurqFRuuBEXqJrD7A=
1275,564,STRHIHRHvuo61M1f0PxS2YOG8OQ=,WLMN3YbU0nsurqFRuuBEXqJrD7A=
1265,566,STRHIHRHvuo61M1f0PxS2YOG8OQ=,WLMN3YbU0nsurqFRuuBEXqJrD7A=
1278,565,STRHIHRHvuo61M1f0PxS2YOG8OQ=,WLMN3YbU0nsurqFRuuBEXqJrD7A=
1277,565,STRHIHRHvuo61M1f0PxS2YOG8OQ=,WLMN3YbU0nsurqFRuuBEXqJrD7A=
1274,564,STRHIHRHvuo61M1f0PxS2YOG8OQ=,WLMN3YbU0nsurqFRuuBEXqJrD7A=
1276,564,STRHIHRHvuo61M1f0PxS2YOG8OQ=,WLMN3YbU0nsurqFRuuBEXqJrD7A=
1272,564,STRHIHRHvuo61M1f0PxS2YOG8OQ=,WLMN3YbU0nsurqFRuuBEXqJrD7A=
1270,565,STRHIHRHvuo61M1f0PxS2YOG8OQ=,WLMN3YbU0nsurqFRuuBEXqJrD7A=
1274,565,STRHIHRHvuo61M1f0PxS2YOG8OQ=,WLMN3YbU0nsurqFRuuBEXqJrD7A=
1273,564,STRHIHRHvuo61M1f0PxS2YOG8OQ=,WLMN3YbU0nsurqFRuuBEXqJrD7A=
1271,564,STRHIHRHvuo61M1f0PxS2YOG8OQ=,WLMN3YbU0nsurqFRuuBEXqJrD7A=
1277,564,STRHIHRHvuo61M1f0PxS2YOG8OQ=,WLMN3YbU0nsurqFRuuBEXqJrD7A=
1267,565,STRHIHRHvuo61M1f0PxS2YOG8OQ=,WLMN3YbU0nsurqFRuuBEXqJrD7A=
1272,560,STRHIHRHvuo61M1f0PxS2YOG8OQ=,WLMN3YbU0nsurqFRuuBEXqJrD7A=
1269,565,STRHIHRHvuo61M1f0PxS2YOG8OQ=,WLMN3YbU0nsurqFRuuBEXqJrD7A=
1279,564,STRHIHRHvuo61M1f0PxS2YOG8OQ=,WLMN3YbU0nsurqFRuuBEXqJrD7A=
1275,563,STRHIHRHvuo61M1f0PxS2YOG8OQ=,WLMN3YbU0nsurqFRuuBEXqJrD7A=
1273,563,STRHIHRHvuo61M1f0PxS2YOG8OQ=,WLMN3YbU0nsurqFRuuBEXqJrD7A=
1268,565,STRHIHRHvuo61M1f0PxS2YOG8OQ=,WLMN3YbU0nsurqFRuuBEXqJrD7A=
1274,563,STRHIHRHvuo61M1f0PxS2YOG8OQ=,WLMN3YbU0nsurqFRuuBEXqJrD7A=
1268,564,STRHIHRHvuo61M1f0PxS2YOG8OQ=,WLMN3YbU0nsurqFRuuBEXqJrD7A=
1264,565,STRHIHRHvuo61M1f0PxS2YOG8OQ=,WLMN3YbU0nsurqFRuuBEXqJrD7A=
1265,565,STRHIHRHvuo61M1f0PxS2YOG8OQ=,WLMN3YbU0nsurqFRuuBEXqJrD7A=
1266,565,STRHIHRHvuo61M1f0PxS2YOG8OQ=,WLMN3YbU0nsurqFRuuBEXqJrD7A=
1272,563,STRHIHRHvuo61M1f0PxS2YOG8OQ=,WLMN3YbU0nsurqFRuuBEXqJrD7A=
1270,564,STRHIHRHvuo61M1f0PxS2YOG8OQ=,WLMN3YbU0nsurqFRuuBEXqJrD7A=
1278,572,STRHIHRHvuo61M1f0PxS2YOG8OQ=,WLMN3YbU0nsurqFRuuBEXqJrD7A=
1268,563,STRHIHRHvuo61M1f0PxS2YOG8OQ=,WLMN3YbU0nsurqFRuuBEXqJrD7A=
1269,563,STRHIHRHvuo61M1f0PxS2YOG8OQ=,WLMN3YbU0nsurqFRuuBEXqJrD7A=
1271,566,STRHIHRHvuo61M1f0PxS2YOG8OQ=,WLMN3YbU0nsurqFRuuBEXqJrD7A=
1273,560,STRHIHRHvuo61M1f0PxS2YOG8OQ=,WLMN3YbU0nsurqFRuuBEXqJrD7A=
1279,563,STRHIHRHvuo61M1f0PxS2YOG8OQ=,WLMN3YbU0nsurqFRuuBEXqJrD7A=
1264,564,STRHIHRHvuo61M1f0PxS2YOG8OQ=,WLMN3YbU0nsurqFRuuBEXqJrD7A=
1272,562,STRHIHRHvuo61M1f0PxS2YOG8OQ=,WLMN3YbU0nsurqFRuuBEXqJrD7A=
1266,564,STRHIHRHvuo61M1f0PxS2YOG8OQ=,WLMN3YbU0nsurqFRuuBEXqJrD7A=
1269,564,STRHIHRHvuo61M1f0PxS2YOG8OQ=,WLMN3YbU0nsurqFRuuBEXqJrD7A=
1271,563,STRHIHRHvuo61M1f0PxS2YOG8OQ=,WLMN3YbU0nsurqFRuuBEXqJrD7A=
1273,562,STRHIHRHvuo61M1f0PxS2YOG8OQ=,WLMN3YbU0nsurqFRuuBEXqJrD7A=
1279,562,STRHIHRHvuo61M1f0PxS2YOG8OQ=,WLMN3YbU0nsurqFRuuBEXqJrD7A=
1276,563,STRHIHRHvuo61M1f0PxS2YOG8OQ=,WLMN3YbU0nsurqFRuuBEXqJrD7A=
1277,563,STRHIHRHvuo61M1f0PxS2YOG8OQ=,WLMN3YbU0nsurqFRuuBEXqJrD7A=
1271,562,STRHIHRHvuo61M1f0PxS2YOG8OQ=,WLMN3YbU0nsurqFRuuBEXqJrD7A=
1267,563,STRHIHRHvuo61M1f0PxS2YOG8OQ=,WLMN3YbU0nsurqFRuuBEXqJrD7A=
1275,562,STRHIHRHvuo61M1f0PxS2YOG8OQ=,WLMN3YbU0nsurqFRuuBEXqJrD7A=
1265,563,STRHIHRHvuo61M1f0PxS2YOG8OQ=,WLMN3YbU0nsurqFRuuBEXqJrD7A=
1274,562,STRHIHRHvuo61M1f0PxS2YOG8OQ=,WLMN3YbU0nsurqFRuuBEXqJrD7A=
1266,563,STRHIHRHvuo61M1f0PxS2YOG8OQ=,WLMN3YbU0nsurqFRuuBEXqJrD7A=
1270,563,STRHIHRHvuo61M1f0PxS2YOG8OQ=,WLMN3YbU0nsurqFRuuBEXqJrD7A=
1278,563,STRHIHRHvuo61M1f0PxS2YOG8OQ=,WLMN3YbU0nsurqFRuuBEXqJrD7A=
1277,562,STRHIHRHvuo61M1f0PxS2YOG8OQ=,WLMN3YbU0nsurqFRuuBEXqJrD7A=
1276,562,STRHIHRHvuo61M1f0PxS2YOG8OQ=,WLMN3YbU0nsurqFRuuBEXqJrD7A=
1265,564,STRHIHRHvuo61M1f0PxS2YOG8OQ=,WLMN3YbU0nsurqFRuuBEXqJrD7A=
1278,564,STRHIHRHvuo61M1f0PxS2YOG8OQ=,WLMN3YbU0nsurqFRuuBEXqJrD7A=
1279,561,STRHIHRHvuo61M1f0PxS2YOG8OQ=,WLMN3YbU0nsurqFRuuBEXqJrD7A=
1274,560,STRHIHRHvuo61M1f0PxS2YOG8OQ=,WLMN3YbU0nsurqFRuuBEXqJrD7A=
1271,561,STRHIHRHvuo61M1f0PxS2YOG8OQ=,WLMN3YbU0nsurqFRuuBEXqJrD7A=
1266,562,STRHIHRHvuo61M1f0PxS2YOG8OQ=,WLMN3YbU0nsurqFRuuBEXqJrD7A=
1270,562,STRHIHRHvuo61M1f0PxS2YOG8OQ=,WLMN3YbU0nsurqFRuuBEXqJrD7A=
1269,562,STRHIHRHvuo61M1f0PxS2YOG8OQ=,WLMN3YbU0nsurqFRuuBEXqJrD7A=
1264,567,STRHIHRHvuo61M1f0PxS2YOG8OQ=,WLMN3YbU0nsurqFRuuBEXqJrD7A=
1264,563,STRHIHRHvuo61M1f0PxS2YOG8OQ=,WLMN3YbU0nsurqFRuuBEXqJrD7A=
1275,561,STRHIHRHvuo61M1f0PxS2YOG8OQ=,WLMN3YbU0nsurqFRuuBEXqJrD7A=
1269,561,STRHIHRHvuo61M1f0PxS2YOG8OQ=,WLMN3YbU0nsurqFRuuBEXqJrD7A=
1277,561,STRHIHRHvuo61M1f0PxS2YOG8OQ=,WLMN3YbU0nsurqFRuuBEXqJrD7A=
1273,561,STRHIHRHvuo61M1f0PxS2YOG8OQ=,WLMN3YbU0nsurqFRuuBEXqJrD7A=
1278,562,STRHIHRHvuo61M1f0PxS2YOG8OQ=,WLMN3YbU0nsurqFRuuBEXqJrD7A=
1266,561,STRHIHRHvuo61M1f0PxS2YOG8OQ=,WLMN3YbU0nsurqFRuuBEXqJrD7A=
1265,562,STRHIHRHvuo61M1f0PxS2YOG8OQ=,WLMN3YbU0nsurqFRuuBEXqJrD7A=
1274,561,STRHIHRHvuo61M1f0PxS2YOG8OQ=,WLMN3YbU0nsurqFRuuBEXqJrD7A=
1265,561,STRHIHRHvuo61M1f0PxS2YOG8OQ=,WLMN3YbU0nsurqFRuuBEXqJrD7A=
1270,561,STRHIHRHvuo61M1f0PxS2YOG8OQ=,WLMN3YbU0nsurqFRuuBEXqJrD7A=
1276,561,STRHIHRHvuo61M1f0PxS2YOG8OQ=,WLMN3YbU0nsurqFRuuBEXqJrD7A=
1268,562,STRHIHRHvuo61M1f0PxS2YOG8OQ=,WLMN3YbU0nsurqFRuuBEXqJrD7A=
1275,560,STRHIHRHvuo61M1f0PxS2YOG8OQ=,WLMN3YbU0nsurqFRuuBEXqJrD7A=
1278,561,STRHIHRHvuo61M1f0PxS2YOG8OQ=,WLMN3YbU0nsurqFRuuBEXqJrD7A=
1264,562,STRHIHRHvuo61M1f0PxS2YOG8OQ=,WLMN3YbU0nsurqFRuuBEXqJrD7A=
1268,561,STRHIHRHvuo61M1f0PxS2YOG8OQ=,WLMN3YbU0nsurqFRuuBEXqJrD7A=
1267,562,STRHIHRHvuo61M1f0PxS2YOG8OQ=,WLMN3YbU0nsurqFRuuBEXqJrD7A=
1264,561,STRHIHRHvuo61M1f0PxS2YOG8OQ=,WLMN3YbU0nsurqFRuuBEXqJrD7A=
1277,560,STRHIHRHvuo61M1f0PxS2YOG8OQ=,WLMN3YbU0nsurqFRuuBEXqJrD7A=
1272,561,STRHIHRHvuo61M1f0PxS2YOG8OQ=,WLMN3YbU0nsurqFRuuBEXqJrD7A=
1279,560,STRHIHRHvuo61M1f0PxS2YOG8OQ=,WLMN3YbU0nsurqFRuuBEXqJrD7A=
1267,561,STRHIHRHvuo61M1f0PxS2YOG8OQ=,WLMN3YbU0nsurqFRuuBEXqJrD7A=
1276,560,STRHIHRHvuo61M1f0PxS2YOG8OQ=,WLMN3YbU0nsurqFRuuBEXqJrD7A=
1278,560,STRHIHRHvuo61M1f0PxS2YOG8OQ=,WLMN3YbU0nsurqFRuuBEXqJrD7A=
1267,564,STRHIHRHvuo61M1f0PxS2YOG8OQ=,WLMN3YbU0nsurqFRuuBEXqJrD7A=
