1444,1025,+O+CWDAfbYv6xS2jcDIiHzLVOJQ=,2FbSbigSbgIFe9zS4rBRUTauNBE=
1455,1039,+O+CWDAfbYv6xS2jcDIiHzLVOJQ=,2FbSbigSbgIFe9zS4rBRUTauNBE=
1454,1039,+O+CWDAfbYv6xS2jcDIiHzLVOJQ=,2FbSbigSbgIFe9zS4rBRUTauNBE=
1453,1039,+O+CWDAfbYv6xS2jcDIiHzLVOJQ=,2FbSbigSbgIFe9zS4rBRUTauNBE=
1450,1039,+O+CWDAfbYv6xS2jcDIiHzLVOJQ=,2FbSbigSbgIFe9zS4rBRUTauNBE=
1452,1039,+O+CWDAfbYv6xS2jcDIiHzLVOJQ=,2FbSbigSbgIFe9zS4rBRUTauNBE=
1451,1039,+O+CWDAfbYv6xS2jcDIiHzLVOJQ=,2FbSbigSbgIFe9zS4rBRUTauNBE=
1449,1039,+O+CWDAfbYv6xS2jcDIiHzLVOJQ=,2FbSbigSbgIFe9zS4rBRUTauNBE=
1445,1025,+O+CWDAfbYv6xS2jcDIiHzLVOJQ=,2FbSbigSbgIFe9zS4rBRUTauNBE=
1446,1025,+O+CWDAfbYv6xS2jcDIiHzLVOJQ=,2FbSbigSbgIFe9zS4rBRUTauNBE=
1447,1039,+O+CWDAfbYv6xS2jcDIiHzLVOJQ=,2FbSbigSbgIFe9zS4rBRUTauNBE=
1447,1025,+O+CWDAfbYv6xS2jcDIiHzLVOJQ=,2FbSbigSbgIFe9zS4rBRUTauNBE=
1448,1025,+O+CWDAfbYv6xS2jcDIiHzLVOJQ=,2FbSbigSbgIFe9zS4rBRUTauNBE=
1449,1025,+O+CWDAfbYv6xS2jcDIiHzLVOJQ=,2FbSbigSbgIFe9zS4rBRUTauNBE=
1448,1039,+O+CWDAfbYv6xS2jcDIiHzLVOJQ=,2FbSbigSbgIFe9zS4rBRUTauNBE=
1450,1025,+O+CWDAfbYv6xS2jcDIiHzLVOJQ=,2FbSbigSbgIFe9zS4rBRUTauNBE=
1446,1039,+O+CWDAfbYv6xS2jcDIiHzLVOJQ=,2FbSbigSbgIFe9zS4rBRUTauNBE=
1445,1039,+O+CWDAfbYv6xS2jcDIiHzLVOJQ=,2FbSbigSbgIFe9zS4rBRUTauNBE=
1452,1025,+O+CWDAfbYv6xS2jcDIiHzLVOJQ=,2FbSbigSbgIFe9zS4rBRUTauNBE=
1451,1025,+O+CWDAfbYv6xS2jcDIiHzLVOJQ=,2FbSbigSbgIFe9zS4rBRUTauNBE=
1443,1039,+O+CWDAfbYv6xS2jcDIiHzLVOJQ=,2FbSbigSbgIFe9zS4rBRUTauNBE=
1442,1039,+O+CWDAfbYv6xS2jcDIiHzLVOJQ=,2FbSbigSbgIFe9zS4rBRUTauNBE=
1453,1025,+O+CWDAfbYv6xS2jcDIiHzLVOJQ=,2FbSbigSbgIFe9zS4rBRUTauNBE=
1441,1039,+O+CWDAfbYv6xS2jcDIiHzLVOJQ=,2FbSbigSbgIFe9zS4rBRUTauNBE=
1444,1039,+O+CWDAfbYv6xS2jcDIiHzLVOJQ=,2FbSbigSbgIFe9zS4rBRUTauNBE=
1443,1025,+O+CWDAfbYv6xS2jcDIiHzLVOJQ=,2FbSbigSbgIFe9zS4rBRUTauNBE=
1454,1025,+O+CWDAfbYv6xS2jcDIiHzLVOJQ=,2FbSbigSbgIFe9zS4rBRUTauNBE=
1442,1024,+O+CWDAfbYv6xS2jcDIiHzLVOJQ=,2FbSbigSbgIFe9zS4rBRUTauNBE=
1441,1025,+O+CWDAfbYv6xS2jcDIiHzLVOJQ=,2FbSbigSbgIFe9zS4rBRUTauNBE=
1441,1024,+O+CWDAfbYv6xS2jcDIiHzLVOJQ=,2FbSbigSbgIFe9zS4rBRUTauNBE=
1442,1025,+O+CWDAfbYv6xS2jcDIiHzLVOJQ=,2FbSbigSbgIFe9zS4rBRUTauNBE=
1455,1025,+O+CWDAfbYv6xS2jcDIiHzLVOJQ=,2FbSbigSbgIFe9zS4rBRUTauNBE=
1440,1039,+O+CWDAfbYv6xS2jcDIiHzLVOJQ=,2FbSbigSbgIFe9zS4rBRUTauNBE=
1455,1038,+O+CWDAfbYv6xS2jcDIiHzLVOJQ=,2FbSbigSbgIFe9zS4rBRUTauNBE=
1440,1026,+O+CWDAfbYv6xS2jcDIiHzLVOJQ=,2FbSbigSbgIFe9zS4rBRUTauNBE=
1454,1038,+O+CWDAfbYv6xS2jcDIiHzLVOJQ=,2FbSbigSbgIFe9zS4rBRUTauNBE=
1453,1038,+O+CWDAfbYv6xS2jcDIiHzLVOJQ=,2FbSbigSbgIFe9zS4rBRUTauNBE=
1441,1026,+O+CWDAfbYv6xS2jcDIiHzLVOJQ=,2FbSbigSbgIFe9zS4rBRUTauNBE=
1450,1038,+O+CWDAfbYv6xS2jcDIiHzLVOJQ=,2FbSbigSbgIFe9zS4rBRUTauNBE=
1451,1038,+O+CWDAfbYv6xS2jcDIiHzLVOJQ=,2FbSbigSbgIFe9zS4rBRUTauNBE=
1443,1024,+O+CWDAfbYv6xS2jcDIiHzLVOJQ=,2FbSbigSbgIFe9zS4rBRUTauNBE=
1442,1026,+O+CWDAfbYv6xS2jcDIiHzLVOJQ=,2FbSbigSbgIFe9zS4rBRUTauNBE=
1449,1038,+O+CWDAfbYv6xS2jcDIiHzLVOJQ=,2FbSbigSbgIFe9zS4rBRUTauNBE=
1448,1038,+O+CWDAfbYv6xS2jcDIiHzLVOJQ=,2FbSbigSbgIFe9zS4rBRUTauNBE=
1452,1038,+O+CWDAfbYv6xS2jcDIiHzLVOJQ=,2FbSbigSbgIFe9zS4rBRUTauNBE=
1447,1038,+O+CWDAfbYv6xS2jcDIiHzLVOJQ=,2FbSbigSbgIFe9zS4rBRUTauNBE=
1445,1038,+O+CWDAfbYv6xS2jcDIiHzLVOJQ=,2FbSbigSbgIFe9zS4rBRUTauNBE=
1443,1026,+O+CWDAfbYv6xS2jcDIiHzLVOJQ=,2FbSbigSbgIFe9zS4rBRUTauNBE=
1446,1038,+O+CWDAfbYv6xS2jcDIiHzLVOJQ=,2FbSbigSbgIFe9zS4rBRUTauNBE=
1443,1038,+O+CWDAfbYv6xS2jcDIiHzLVOJQ=,2FbSbigSbgIFe9zS4rBRUTauNBE=
1444,1038,+O+CWDAfbYv6xS2jcDIiHzLVOJQ=,2FbSbigSbgIFe9zS4rBRUTauNBE=
1444,1026,+O+CWDAfbYv6xS2jcDIiHzLVOJQ=,2FbSbigSbgIFe9zS4rBRUTauNBE=
1441,1038,+O+CWDAfbYv6xS2jcDIiHzLVOJQ=,2FbSbigSbgIFe9zS4rBRUTauNBE=
1445,1026,+O+CWDAfbYv6xS2jcDIiHzLVOJQ=,2FbSbigSbgIFe9zS4rBRUTauNBE=
1440,1038,+O+CWDAfbYv6xS2jcDIiHzLVOJQ=,2FbSbigSbgIFe9zS4rBRUTauNBE=
1455,1037,+O+CWDAfbYv6xS2jcDIiHzLVOJQ=,2FbSbigSbgIFe9zS4rBRUTauNBE=
1446,1026,+O+CWDAfbYv6xS2jcDIiHzLVOJQ=,2FbSbigSbgIFe9zS4rBRUTauNBE=
1452,1037,+O+CWDAfbYv6xS2jcDIiHzLVOJQ=,2FbSbigSbgIFe9zS4rBRUTauNBE=
1454,1037,+O+CWDAfbYv6xS2jcDIiHzLVOJQ=,2FbSbigSbgIFe9zS4rBRUTauNBE=
1440,1024,+O+CWDAfbYv6xS2jcDIiHzLVOJQ=,2FbSbigSbgIFe9zS4rBRUTauNBE=
1453,1037,+O+CWDAfbYv6xS2jcDIiHzLVOJQ=,2FbSbigSbgIFe9zS4rBRUTauNBE=
1451,1037,+O+CWDAfbYv6xS2jcDIiHzLVOJQ=,2FbSbigSbgIFe9zS4rBRUTauNBE=
1447,1026,+O+CWDAfbYv6xS2jcDIiHzLVOJQ=,2FbSbigSbgIFe9zS4rBRUTauNBE=
1442,1038,+O+CWDAfbYv6xS2jcDIiHzLVOJQ=,2FbSbigSbgIFe9zS4rBRUTauNBE=
1440,1025,+O+CWDAfbYv6xS2jcDIiHzLVOJQ=,2FbSbigSbgIFe9zS4rBRUTauNBE=
1450,1037,+O+CWDAfbYv6xS2jcDIiHzLVOJQ=,2FbSbigSbgIFe9zS4rBRUTauNBE=
1448,1026,+O+CWDAfbYv6xS2jcDIiHzLVOJQ=,2FbSbigSbgIFe9zS4rBRUTauNBE=
1449,1037,+O+CWDAfbYv6xS2jcDIiHzLVOJQ=,2FbSbigSbgIFe9zS4rBRUTauNBE=
1448,1037,+O+CWDAfbYv6xS2jcDIiHzLVOJQ=,2FbSbigSbgIFe9zS4rBRUTauNBE=
1447,1037,+O+CWDAfbYv6xS2jcDIiHzLVOJQ=,2FbSbigSbgIFe9zS4rBRUTauNBE=
1449,1026,+O+CWDAfbYv6xS2jcDIiHzLVOJQ=,2FbSbigSbgIFe9zS4rBRUTauNBE=
1443,1037,+O+CWDAfbYv6xS2jcDIiHzLVOJQ=,2FbSbigSbgIFe9zS4rBRUTauNBE=
1446,1037,+O+CWDAfbYv6xS2jcDIiHzLVOJQ=,2FbSbigSbgIFe9zS4rBRUTauNBE=
1441,1037,+O+CWDAfbYv6xS2jcDIiHzLVOJQ=,2FbSbigSbgIFe9zS4rBRUTauNBE=
1444,1037,+O+CWDAfbYv6xS2jcDIiHzLVOJQ=,2FbSbigSbgIFe9zS4rBRUTauNBE=
1445,1037,+O+CWDAfbYv6xS2jcDIiHzLVOJQ=,2FbSbigSbgIFe9zS4rBRUTauNBE=
1450,1026,+O+CWDAfbYv6xS2jcDIiHzLVOJQ=,2FbSbigSbgIFe9zS4rBRUTauNBE=
1455,1036,+O+CWDAfbYv6xS2jcDIiHzLVOJQ=,2FbSbigSbgIFe9zS4rBRUTauNBE=
1454,1036,+O+CWDAfbYv6xS2jcDIiHzLVOJQ=,2FbSbigSbgIFe9zS4rBRUTauNBE=
1440,1037,+O+CWDAfbYv6xS2jcDIiHzLVOJQ=,2FbSbigSbgIFe9zS4rBRUTauNBE=
1455,1024,+O+CWDAfbYv6xS2jcDIiHzLVOJQ=,2FbSbigSbgIFe9zS4rBRUTauNBE=
1442,1037,+O+CWDAfbYv6xS2jcDIiHzLVOJQ=,2FbSbigSbgIFe9zS4rBRUTauNBE=
1451,1026,+O+CWDAfbYv6xS2jcDIiHzLVOJQ=,2FbSbigSbgIFe9zS4rBRUTauNBE=
1452,1036,+O+CWDAfbYv6xS2jcDIiHzLVOJQ=,2FbSbigSbgIFe9zS4rBRUTauNBE=
1450,1036,+O+CWDAfbYv6xS2jcDIiHzLVOJQ=,2FbSbigSbgIFe9zS4rBRUTauNBE=
1453,1036,+O+CWDAfbYv6xS2jcDIiHzLVOJQ=,2FbSbigSbgIFe9zS4rBRUTauNBE=
1452,1026,+O+CWDAfbYv6xS2jcDIiHzLVOJQ=,2FbSbigSbgIFe9zS4rBRUTauNBE=
1449,1036,+O+CWDAfbYv6xS2jcDIiHzLVOJQ=,2FbSbigSbgIFe9zS4rBRUTauNBE=
1451,1036,+O+CWDAfbYv6xS2jcDIiHzLVOJQ=,2FbSbigSbgIFe9zS4rBRUTauNBE=
1445,1036,+O+CWDAfbYv6xS2jcDIiHzLVOJQ=,2FbSbigSbgIFe9zS4rBRUTauNBE=
1447,1036,+O+CWDAfbYv6xS2jcDIiHzLVOJQ=,2FbSbigSbgIFe9zS4rBRUTauNBE=
1443,1036,+O+CWDAfbYv6xS2jcDIiHzLVOJQ=,2FbSbigSbgIFe9zS4rBRUTauNBE=
1444,1036,+O+CWDAfbYv6xS2jcDIiHzLVOJQ=,2FbSbigSbgIFe9zS4rBRUTauNBE=
1454,1024,+O+CWDAfbYv6xS2jcDIiHzLVOJQ=,2FbSbigSbgIFe9zS4rBRUTauNBE=
1448,1036,+O+CWDAfbYv6xS2jcDIiHzLVOJQ=,2FbSbigSbgIFe9zS4rBRUTauNBE=
1442,1036,+O+CWDAfbYv6xS2jcDIiHzLVOJQ=,2FbSbigSbgIFe9zS4rBRUTauNBE=
1452,1035,+O+CWDAfbYv6xS2jcDIiHzLVOJQ=,2FbSbigSbgIFe9zS4rBRUTauNBE=
1446,1036,+O+CWDAfbYv6xS2jcDIiHzLVOJQ=,2FbSbigSbgIFe9zS4rBRUTauNBE=
1441,1036,+O+CWDAfbYv6xS2jcDIiHzLVOJQ=,2FbSbigSbgIFe9zS4rBRUTauNBE=
1453,1026,+O+CWDAfbYv6xS2jcDIiHzLVOJQ=,2FbSbigSbgIFe9zS4rBRUTauNBE=
1440,1036,+O+CWDAfbYv6xS2jcDIiHzLVOJQ=,2FbSbigSbgIFe9zS4rBRUTauNBE=
1454,1035,+O+CWDAfbYv6xS2jcDIiHzLVOJQ=,2FbSbigSbgIFe9zS4rBRUTauNBE=
1455,1035,+O+CWDAfbYv6xS2jcDIiHzLVOJQ=,2FbSbigSbgIFe9zS4rBRUTauNBE=
1451,1035,+O+CWDAfbYv6xS2jcDIiHzLVOJQ=,2FbSbigSbgIFe9zS4rBRUTauNBE=
1449,1035,+O+CWDAfbYv6xS2jcDIiHzLVOJQ=,2FbSbigSbgIFe9zS4rBRUTauNBE=
1453,1024,+O+CWDAfbYv6xS2jcDIiHzLVOJQ=,2FbSbigSbgIFe9zS4rBRUTauNBE=
1454,1026,+O+CWDAfbYv6xS2jcDIiHzLVOJQ=,2FbSbigSbgIFe9zS4rBRUTauNBE=
1448,1035,+O+CWDAfbYv6xS2jcDIiHzLVOJQ=,2FbSbigSbgIFe9zS4rBRUTauNBE=
1446,1035,+O+CWDAfbYv6xS2jcDIiHzLVOJQ=,2FbSbigSbgIFe9zS4rBRUTauNBE=
1450,1035,+O+CWDAfbYv6xS2jcDIiHzLVOJQ=,2FbSbigSbgIFe9zS4rBRUTauNBE=
1445,1035,+O+CWDAfbYv6xS2jcDIiHzLVOJQ=,2FbSbigSbgIFe9zS4rBRUTauNBE=
1443,1035,+O+CWDAfbYv6xS2jcDIiHzLVOJQ=,2FbSbigSbgIFe9zS4rBRUTauNBE=
1453,1035,+O+CWDAfbYv6xS2jcDIiHzLVOJQ=,2FbSbigSbgIFe9zS4rBRUTauNBE=
1454,1034,+O+CWDAfbYv6xS2jcDIiHzLVOJQ=,2FbSbigSbgIFe9zS4rBRUTauNBE=
1442,1035,+O+CWDAfbYv6xS2jcDIiHzLVOJQ=,2FbSbigSbgIFe9zS4rBRUTauNBE=
1455,1026,+O+CWDAfbYv6xS2jcDIiHzLVOJQ=,2FbSbigSbgIFe9zS4rBRUTauNBE=
1440,1035,+O+CWDAfbYv6xS2jcDIiHzLVOJQ=,2FbSbigSbgIFe9zS4rBRUTauNBE=
1453,1034,+O+CWDAfbYv6xS2jcDIiHzLVOJQ=,2FbSbigSbgIFe9zS4rBRUTauNBE=
1444,1035,+O+CWDAfbYv6xS2jcDIiHzLVOJQ=,2FbSbigSbgIFe9zS4rBRUTauNBE=
1452,1034,+O+CWDAfbYv6xS2jcDIiHzLVOJQ=,2FbSbigSbgIFe9zS4rBRUTauNBE=
1452,1024,+O+CWDAfbYv6xS2jcDIiHzLVOJQ=,2FbSbigSbgIFe9zS4rBRUTauNBE=
1447,1035,+O+CWDAfbYv6xS2jcDIiHzLVOJQ=,2FbSbigSbgIFe9zS4rBRUTauNBE=
1450,1034,+O+CWDAfbYv6xS2jcDIiHzLVOJQ=,2FbSbigSbgIFe9zS4rBRUTauNBE=
1440,1027,+O+CWDAfbYv6xS2jcDIiHzLVOJQ=,2FbSbigSbgIFe9zS4rBRUTauNBE=
1446,1034,+O+CWDAfbYv6xS2jcDIiHzLVOJQ=,2FbSbigSbgIFe9zS4rBRUTauNBE=
1443,1034,+O+CWDAfbYv6xS2jcDIiHzLVOJQ=,2FbSbigSbgIFe9zS4rBRUTauNBE=
1455,1034,+O+CWDAfbYv6xS2jcDIiHzLVOJQ=,2FbSbigSbgIFe9zS4rBRUTauNBE=
1445,1034,+O+CWDAfbYv6xS2jcDIiHzLVOJQ=,2FbSbigSbgIFe9zS4rBRUTauNBE=
1441,1027,+O+CWDAfbYv6xS2jcDIiHzLVOJQ=,2FbSbigSbgIFe9zS4rBRUTauNBE=
1449,1034,+O+CWDAfbYv6xS2jcDIiHzLVOJQ=,2FbSbigSbgIFe9zS4rBRUTauNBE=
1448,1034,+O+CWDAfbYv6xS2jcDIiHzLVOJQ=,2FbSbigSbgIFe9zS4rBRUTauNBE=
1442,1034,+O+CWDAfbYv6xS2jcDIiHzLVOJQ=,2FbSbigSbgIFe9zS4rBRUTauNBE=
1454,1033,+O+CWDAfbYv6xS2jcDIiHzLVOJQ=,2FbSbigSbgIFe9zS4rBRUTauNBE=
1441,1034,+O+CWDAfbYv6xS2jcDIiHzLVOJQ=,2FbSbigSbgIFe9zS4rBRUTauNBE=
1440,1034,+O+CWDAfbYv6xS2jcDIiHzLVOJQ=,2FbSbigSbgIFe9zS4rBRUTauNBE=
1455,1033,+O+CWDAfbYv6xS2jcDIiHzLVOJQ=,2FbSbigSbgIFe9zS4rBRUTauNBE=
1447,1034,+O+CWDAfbYv6xS2jcDIiHzLVOJQ=,2FbSbigSbgIFe9zS4rBRUTauNBE=
1451,1033,+O+CWDAfbYv6xS2jcDIiHzLVOJQ=,2FbSbigSbgIFe9zS4rBRUTauNBE=
1453,1033,+O+CWDAfbYv6xS2jcDIiHzLVOJQ=,2FbSbigSbgIFe9zS4rBRUTauNBE=
1444,1024,+O+CWDAfbYv6xS2jcDIiHzLVOJQ=,2FbSbigSbgIFe9zS4rBRUTauNBE=
1450,1033,+O+CWDAfbYv6xS2jcDIiHzLVOJQ=,2FbSbigSbgIFe9zS4rBRUTauNBE=
1451,1024,+O+CWDAfbYv6xS2jcDIiHzLVOJQ=,2FbSbigSbgIFe9zS4rBRUTauNBE=
1452,1033,+O+CWDAfbYv6xS2jcDIiHzLVOJQ=,2FbSbigSbgIFe9zS4rBRUTauNBE=
1445,1033,+O+CWDAfbYv6xS2jcDIiHzLVOJQ=,2FbSbigSbgIFe9zS4rBRUTauNBE=
1446,1033,+O+CWDAfbYv6xS2jcDIiHzLVOJQ=,2FbSbigSbgIFe9zS4rBRUTauNBE=
1447,1033,+O+CWDAfbYv6xS2jcDIiHzLVOJQ=,2FbSbigSbgIFe9zS4rBRUTauNBE=
1442,1033,+O+CWDAfbYv6xS2jcDIiHzLVOJQ=,2FbSbigSbgIFe9zS4rBRUTauNBE=
1448,1033,+O+CWDAfbYv6xS2jcDIiHzLVOJQ=,2FbSbigSbgIFe9zS4rBRUTauNBE=
1442,1027,+O+CWDAfbYv6xS2jcDIiHzLVOJQ=,2FbSbigSbgIFe9zS4rBRUTauNBE=
1441,1033,+O+CWDAfbYv6xS2jcDIiHzLVOJQ=,2FbSbigSbgIFe9zS4rBRUTauNBE=
1443,1033,+O+CWDAfbYv6xS2jcDIiHzLVOJQ=,2FbSbigSbgIFe9zS4rBRUTauNBE=
1454,1032,+O+CWDAfbYv6xS2jcDIiHzLVOJQ=,2FbSbigSbgIFe9zS4rBRUTauNBE=
1455,1032,+O+CWDAfbYv6xS2jcDIiHzLVOJQ=,2FbSbigSbgIFe9zS4rBRUTauNBE=
1444,1034,+O+CWDAfbYv6xS2jcDIiHzLVOJQ=,2FbSbigSbgIFe9zS4rBRUTauNBE=
1453,1032,+O+CWDAfbYv6xS2jcDIiHzLVOJQ=,2FbSbigSbgIFe9zS4rBRUTauNBE=
1452,1032,+O+CWDAfbYv6xS2jcDIiHzLVOJQ=,2FbSbigSbgIFe9zS4rBRUTauNBE=
1444,1033,+O+CWDAfbYv6xS2jcDIiHzLVOJQ=,2FbSbigSbgIFe9zS4rBRUTauNBE=
1450,1032,+O+CWDAfbYv6xS2jcDIiHzLVOJQ=,2FbSbigSbgIFe9zS4rBRUTauNBE=
1451,1032,+O+CWDAfbYv6xS2jcDIiHzLVOJQ=,2FbSbigSbgIFe9zS4rBRUTauNBE=
1443,1027,+O+CWDAfbYv6xS2jcDIiHzLVOJQ=,2FbSbigSbgIFe9zS4rBRUTauNBE=
1440,1033,+O+CWDAfbYv6xS2jcDIiHzLVOJQ=,2FbSbigSbgIFe9zS4rBRUTauNBE=
1449,1032,+O+CWDAfbYv6xS2jcDIiHzLVOJQ=,2FbSbigSbgIFe9zS4rBRUTauNBE=
1450,1024,+O+CWDAfbYv6xS2jcDIiHzLVOJQ=,2FbSbigSbgIFe9zS4rBRUTauNBE=
1448,1032,+O+CWDAfbYv6xS2jcDIiHzLVOJQ=,2FbSbigSbgIFe9zS4rBRUTauNBE=
1447,1032,+O+CWDAfbYv6xS2jcDIiHzLVOJQ=,2FbSbigSbgIFe9zS4rBRUTauNBE=
1446,1032,+O+CWDAfbYv6xS2jcDIiHzLVOJQ=,2FbSbigSbgIFe9zS4rBRUTauNBE=
1441,1035,+O+CWDAfbYv6xS2jcDIiHzLVOJQ=,2FbSbigSbgIFe9zS4rBRUTauNBE=
1443,1032,+O+CWDAfbYv6xS2jcDIiHzLVOJQ=,2FbSbigSbgIFe9zS4rBRUTauNBE=
1445,1032,+O+CWDAfbYv6xS2jcDIiHzLVOJQ=,2FbSbigSbgIFe9zS4rBRUTauNBE=
1444,1032,+O+CWDAfbYv6xS2jcDIiHzLVOJQ=,2FbSbigSbgIFe9zS4rBRUTauNBE=
1440,1032,+O+CWDAfbYv6xS2jcDIiHzLVOJQ=,2FbSbigSbgIFe9zS4rBRUTauNBE=
1442,1032,+O+CWDAfbYv6xS2jcDIiHzLVOJQ=,2FbSbigSbgIFe9zS4rBRUTauNBE=
1455,1031,+O+CWDAfbYv6xS2jcDIiHzLVOJQ=,2FbSbigSbgIFe9zS4rBRUTauNBE=
1453,1031,+O+CWDAfbYv6xS2jcDIiHzLVOJQ=,2FbSbigSbgIFe9zS4rBRUTauNBE=
1441,1032,+O+CWDAfbYv6xS2jcDIiHzLVOJQ=,2FbSbigSbgIFe9zS4rBRUTauNBE=
1444,1027,+O+CWDAfbYv6xS2jcDIiHzLVOJQ=,2FbSbigSbgIFe9zS4rBRUTauNBE=
1451,1031,+O+CWDAfbYv6xS2jcDIiHzLVOJQ=,2FbSbigSbgIFe9zS4rBRUTauNBE=
1454,1031,+O+CWDAfbYv6xS2jcDIiHzLVOJQ=,2FbSbigSbgIFe9zS4rBRUTauNBE=
1449,1024,+O+CWDAfbYv6xS2jcDIiHzLVOJQ=,2FbSbigSbgIFe9zS4rBRUTauNBE=
1452,1031,+O+CWDAfbYv6xS2jcDIiHzLVOJQ=,2FbSbigSbgIFe9zS4rBRUTauNBE=
1448,1031,+O+CWDAfbYv6xS2jcDIiHzLVOJQ=,2FbSbigSbgIFe9zS4rBRUTauNBE=
1449,1031,+O+CWDAfbYv6xS2jcDIiHzLVOJQ=,2FbSbigSbgIFe9zS4rBRUTauNBE=
1447,1031,+O+CWDAfbYv6xS2jcDIiHzLVOJQ=,2FbSbigSbgIFe9zS4rBRUTauNBE=
1450,1031,+O+CWDAfbYv6xS2jcDIiHzLVOJQ=,2FbSbigSbgIFe9zS4rBRUTauNBE=
1445,1027,+O+CWDAfbYv6xS2jcDIiHzLVOJQ=,2FbSbigSbgIFe9zS4rBRUTauNBE=
1445,1031,+O+CWDAfbYv6xS2jcDIiHzLVOJQ=,2FbSbigSbgIFe9zS4rBRUTauNBE=
1444,1031,+O+CWDAfbYv6xS2jcDIiHzLVOJQ=,2FbSbigSbgIFe9zS4rBRUTauNBE=
1442,1031,+O+CWDAfbYv6xS2jcDIiHzLVOJQ=,2FbSbigSbgIFe9zS4rBRUTauNBE=
1446,1031,+O+CWDAfbYv6xS2jcDIiHzLVOJQ=,2FbSbigSbgIFe9zS4rBRUTauNBE=
1441,1031,+O+CWDAfbYv6xS2jcDIiHzLVOJQ=,2FbSbigSbgIFe9zS4rBRUTauNBE=
1443,1031,+O+CWDAfbYv6xS2jcDIiHzLVOJQ=,2FbSbigSbgIFe9zS4rBRUTauNBE=
1454,1030,+O+CWDAfbYv6xS2jcDIiHzLVOJQ=,2FbSbigSbgIFe9zS4rBRUTauNBE=
1448,1024,+O+CWDAfbYv6xS2jcDIiHzLVOJQ=,2FbSbigSbgIFe9zS4rBRUTauNBE=
1451,1030,+O+CWDAfbYv6xS2jcDIiHzLVOJQ=,2FbSbigSbgIFe9zS4rBRUTauNBE=
1455,1030,+O+CWDAfbYv6xS2jcDIiHzLVOJQ=,2FbSbigSbgIFe9zS4rBRUTauNBE=
1446,1027,+O+CWDAfbYv6xS2jcDIiHzLVOJQ=,2FbSbigSbgIFe9zS4rBRUTauNBE=
1450,1030,+O+CWDAfbYv6xS2jcDIiHzLVOJQ=,2FbSbigSbgIFe9zS4rBRUTauNBE=
1452,1030,+O+CWDAfbYv6xS2jcDIiHzLVOJQ=,2FbSbigSbgIFe9zS4rBRUTauNBE=
1449,1030,+O+CWDAfbYv6xS2jcDIiHzLVOJQ=,2FbSbigSbgIFe9zS4rBRUTauNBE=
1440,1031,+O+CWDAfbYv6xS2jcDIiHzLVOJQ=,2FbSbigSbgIFe9zS4rBRUTauNBE=
1453,1030,+O+CWDAfbYv6xS2jcDIiHzLVOJQ=,2FbSbigSbgIFe9zS4rBRUTauNBE=
1448,1030,+O+CWDAfbYv6xS2jcDIiHzLVOJQ=,2FbSbigSbgIFe9zS4rBRUTauNBE=
1447,1030,+O+CWDAfbYv6xS2jcDIiHzLVOJQ=,2FbSbigSbgIFe9zS4rBRUTauNBE=
1445,1030,+O+CWDAfbYv6xS2jcDIiHzLVOJQ=,2FbSbigSbgIFe9zS4rBRUTauNBE=
1446,1030,+O+CWDAfbYv6xS2jcDIiHzLVOJQ=,2FbSbigSbgIFe9zS4rBRUTauNBE=
1442,1030,+O+CWDAfbYv6xS2jcDIiHzLVOJQ=,2FbSbigSbgIFe9zS4rBRUTauNBE=
1441,1030,+O+CWDAfbYv6xS2jcDIiHzLVOJQ=,2FbSbigSbgIFe9zS4rBRUTauNBE=
1455,1029,+O+CWDAfbYv6xS2jcDIiHzLVOJQ=,2FbSbigSbgIFe9zS4rBRUTauNBE=
1454,1029,+O+CWDAfbYv6xS2jcDIiHzLVOJQ=,2FbSbigSbgIFe9zS4rBRUTauNBE=
1444,1030,+O+CWDAfbYv6xS2jcDIiHzLVOJQ=,2FbSbigSbgIFe9zS4rBRUTauNBE=
1443,1030,+O+CWDAfbYv6xS2jcDIiHzLVOJQ=,2FbSbigSbgIFe9zS4rBRUTauNBE=
1440,1030,+O+CWDAfbYv6xS2jcDIiHzLVOJQ=,2FbSbigSbgIFe9zS4rBRUTauNBE=
1447,1027,+O+CWDAfbYv6xS2jcDIiHzLVOJQ=,2FbSbigSbgIFe9zS4rBRUTauNBE=
1449,1029,+O+CWDAfbYv6xS2jcDIiHzLVOJQ=,2FbSbigSbgIFe9zS4rBRUTauNBE=
1451,1029,+O+CWDAfbYv6xS2jcDIiHzLVOJQ=,2FbSbigSbgIFe9zS4rBRUTauNBE=
1445,1029,+O+CWDAfbYv6xS2jcDIiHzLVOJQ=,2FbSbigSbgIFe9zS4rBRUTauNBE=
1452,1029,+O+CWDAfbYv6xS2jcDIiHzLVOJQ=,2FbSbigSbgIFe9zS4rBRUTauNBE=
1444,1029,+O+CWDAfbYv6xS2jcDIiHzLVOJQ=,2FbSbigSbgIFe9zS4rBRUTauNBE=
1447,1024,+O+CWDAfbYv6xS2jcDIiHzLVOJQ=,2FbSbigSbgIFe9zS4rBRUTauNBE=
1443,1029,+O+CWDAfbYv6xS2jcDIiHzLVOJQ=,2FbSbigSbgIFe9zS4rBRUTauNBE=
1447,1029,+O+CWDAfbYv6xS2jcDIiHzLVOJQ=,2FbSbigSbgIFe9zS4rBRUTauNBE=
1453,1029,+O+CWDAfbYv6xS2jcDIiHzLVOJQ=,2FbSbigSbgIFe9zS4rBRUTauNBE=
1450,1029,+O+CWDAfbYv6xS2jcDIiHzLVOJQ=,2FbSbigSbgIFe9zS4rBRUTauNBE=
1441,1029,+O+CWDAfbYv6xS2jcDIiHzLVOJQ=,2FbSbigSbgIFe9zS4rBRUTauNBE=
1446,1024,+O+CWDAfbYv6xS2jcDIiHzLVOJQ=,2FbSbigSbgIFe9zS4rBRUTauNBE=
1455,1028,+O+CWDAfbYv6xS2jcDIiHzLVOJQ=,2FbSbigSbgIFe9zS4rBRUTauNBE=
1448,1029,+O+CWDAfbYv6xS2jcDIiHzLVOJQ=,2FbSbigSbgIFe9zS4rBRUTauNBE=
1442,1029,+O+CWDAfbYv6xS2jcDIiHzLVOJQ=,2FbSbigSbgIFe9zS4rBRUTauNBE=
1450,1028,+O+CWDAfbYv6xS2jcDIiHzLVOJQ=,2FbSbigSbgIFe9zS4rBRUTauNBE=
1446,1029,+O+CWDAfbYv6xS2jcDIiHzLVOJQ=,2FbSbigSbgIFe9zS4rBRUTauNBE=
1440,1029,+O+CWDAfbYv6xS2jcDIiHzLVOJQ=,2FbSbigSbgIFe9zS4rBRUTauNBE=
1445,1028,+O+CWDAfbYv6xS2jcDIiHzLVOJQ=,2FbSbigSbgIFe9zS4rBRUTauNBE=
1444,1028,+O+CWDAfbYv6xS2jcDIiHzLVOJQ=,2FbSbigSbgIFe9zS4rBRUTauNBE=
1454,1027,+O+CWDAfbYv6xS2jcDIiHzLVOJQ=,2FbSbigSbgIFe9zS4rBRUTauNBE=
1451,1028,+O+CWDAfbYv6xS2jcDIiHzLVOJQ=,2FbSbigSbgIFe9zS4rBRUTauNBE=
1450,1027,+O+CWDAfbYv6xS2jcDIiHzLVOJQ=,2FbSbigSbgIFe9zS4rBRUTauNBE=
1452,1028,+O+CWDAfbYv6xS2jcDIiHzLVOJQ=,2FbSbigSbgIFe9zS4rBRUTauNBE=
1453,1027,+O+CWDAfbYv6xS2jcDIiHzLVOJQ=,2FbSbigSbgIFe9zS4rBRUTauNBE=
1443,1028,+O+CWDAfbYv6xS2jcDIiHzLVOJQ=,2FbSbigSbgIFe9zS4rBRUTauNBE=
1453,1028,+O+CWDAfbYv6xS2jcDIiHzLVOJQ=,2FbSbigSbgIFe9zS4rBRUTauNBE=
1445,1024,+O+CWDAfbYv6xS2jcDIiHzLVOJQ=,2FbSbigSbgIFe9zS4rBRUTauNBE=
1449,1028,+O+CWDAfbYv6xS2jcDIiHzLVOJQ=,2FbSbigSbgIFe9zS4rBRUTauNBE=
1452,1027,+O+CWDAfbYv6xS2jcDIiHzLVOJQ=,2FbSbigSbgIFe9zS4rBRUTauNBE=
1448,1027,+O+CWDAfbYv6xS2jcDIiHzLVOJQ=,2FbSbigSbgIFe9zS4rBRUTauNBE=
1441,1028,+O+CWDAfbYv6xS2jcDIiHzLVOJQ=,2FbSbigSbgIFe9zS4rBRUTauNBE=
1449,1027,+O+CWDAfbYv6xS2jcDIiHzLVOJQ=,2FbSbigSbgIFe9zS4rBRUTauNBE=
1455,1027,+O+CWDAfbYv6xS2jcDIiHzLVOJQ=,2FbSbigSbgIFe9zS4rBRUTauNBE=
1451,1027,+O+CWDAfbYv6xS2jcDIiHzLVOJQ=,2FbSbigSbgIFe9zS4rBRUTauNBE=
1451,1034,+O+CWDAfbYv6xS2jcDIiHzLVOJQ=,2FbSbigSbgIFe9zS4rBRUTauNBE=
1449,1033,+O+CWDAfbYv6xS2jcDIiHzLVOJQ=,2FbSbigSbgIFe9zS4rBRUTauNBE=
1446,1028,+O+CWDAfbYv6xS2jcDIiHzLVOJQ=,2FbSbigSbgIFe9zS4rBRUTauNBE=
1442,1028,+O+CWDAfbYv6xS2jcDIiHzLVOJQ=,2FbSbigSbgIFe9zS4rBRUTauNBE=
1448,1028,+O+CWDAfbYv6xS2jcDIiHzLVOJQ=,2FbSbigSbgIFe9zS4rBRUTauNBE=
1440,1028,+O+CWDAfbYv6xS2jcDIiHzLVOJQ=,2FbSbigSbgIFe9zS4rBRUTauNBE=
1454,1028,+O+CWDAfbYv6xS2jcDIiHzLVOJQ=,2FbSbigSbgIFe9zS4rBRUTauNBE=
1447,1028,+O+CWDAfbYv6xS2jcDIiHzLVOJQ=,2FbSbigSbgIFe9zS4rBRUTauNBE=
1460,1025,7AKTHoNmh7Iy/4czpseLRsVPNbs=,2FbSbigSbgIFe9zS4rBRUTauNBE=
1459,1025,7AKTHoNmh7Iy/4czpseLRsVPNbs=,2FbSbigSbgIFe9zS4rBRUTauNBE=
1458,1024,7AKTHoNmh7Iy/4czpseLRsVPNbs=,2FbSbigSbgIFe9zS4rBRUTauNBE=
1456,1024,7AKTHoNmh7Iy/4czpseLRsVPNbs=,2FbSbigSbgIFe9zS4rBRUTauNBE=
1457,1024,7AKTHoNmh7Iy/4czpseLRsVPNbs=,2FbSbigSbgIFe9zS4rBRUTauNBE=
1471,1039,7AKTHoNmh7Iy/4czpseLRsVPNbs=,2FbSbigSbgIFe9zS4rBRUTauNBE=
1470,1039,7AKTHoNmh7Iy/4czpseLRsVPNbs=,2FbSbigSbgIFe9zS4rBRUTauNBE=
1469,1039,7AKTHoNmh7Iy/4czpseLRsVPNbs=,2FbSbigSbgIFe9zS4rBRUTauNBE=
1468,1039,7AKTHoNmh7Iy/4czpseLRsVPNbs=,2FbSbigSbgIFe9zS4rBRUTauNBE=
1467,1039,7AKTHoNmh7Iy/4czpseLRsVPNbs=,2FbSbigSbgIFe9zS4rBRUTauNBE=
1466,1039,7AKTHoNmh7Iy/4czpseLRsVPNbs=,2FbSbigSbgIFe9zS4rBRUTauNBE=
1465,1039,7AKTHoNmh7Iy/4czpseLRsVPNbs=,2FbSbigSbgIFe9zS4rBRUTauNBE=
1462,1039,7AKTHoNmh7Iy/4czpseLRsVPNbs=,2FbSbigSbgIFe9zS4rBRUTauNBE=
1460,1039,7AKTHoNmh7Iy/4czpseLRsVPNbs=,2FbSbigSbgIFe9zS4rBRUTauNBE=
1461,1039,7AKTHoNmh7Iy/4czpseLRsVPNbs=,2FbSbigSbgIFe9zS4rBRUTauNBE=
1464,1039,7AKTHoNmh7Iy/4czpseLRsVPNbs=,2FbSbigSbgIFe9zS4rBRUTauNBE=
1459,1039,7AKTHoNmh7Iy/4czpseLRsVPNbs=,2FbSbigSbgIFe9zS4rBRUTauNBE=
1461,1025,7AKTHoNmh7Iy/4czpseLRsVPNbs=,2FbSbigSbgIFe9zS4rBRUTauNBE=
1463,1039,7AKTHoNmh7Iy/4czpseLRsVPNbs=,2FbSbigSbgIFe9zS4rBRUTauNBE=
1458,1039,7AKTHoNmh7Iy/4czpseLRsVPNbs=,2FbSbigSbgIFe9zS4rBRUTauNBE=
1458,1025,7AKTHoNmh7Iy/4czpseLRsVPNbs=,2FbSbigSbgIFe9zS4rBRUTauNBE=
1462,1025,7AKTHoNmh7Iy/4czpseLRsVPNbs=,2FbSbigSbgIFe9zS4rBRUTauNBE=
1457,1025,7AKTHoNmh7Iy/4czpseLRsVPNbs=,2FbSbigSbgIFe9zS4rBRUTauNBE=
1456,1025,7AKTHoNmh7Iy/4czpseLRsVPNbs=,2FbSbigSbgIFe9zS4rBRUTauNBE=
1456,1039,7AKTHoNmh7Iy/4czpseLRsVPNbs=,2FbSbigSbgIFe9zS4rBRUTauNBE=
1464,1025,7AKTHoNmh7Iy/4czpseLRsVPNbs=,2FbSbigSbgIFe9zS4rBRUTauNBE=
1471,1038,7AKTHoNmh7Iy/4czpseLRsVPNbs=,2FbSbigSbgIFe9zS4rBRUTauNBE=
1457,1039,7AKTHoNmh7Iy/4czpseLRsVPNbs=,2FbSbigSbgIFe9zS4rBRUTauNBE=
1463,1025,7AKTHoNmh7Iy/4czpseLRsVPNbs=,2FbSbigSbgIFe9zS4rBRUTauNBE=
1469,1038,7AKTHoNmh7Iy/4czpseLRsVPNbs=,2FbSbigSbgIFe9zS4rBRUTauNBE=
1470,1038,7AKTHoNmh7Iy/4czpseLRsVPNbs=,2FbSbigSbgIFe9zS4rBRUTauNBE=
1468,1038,7AKTHoNmh7Iy/4czpseLRsVPNbs=,2FbSbigSbgIFe9zS4rBRUTauNBE=
1465,1025,7AKTHoNmh7Iy/4czpseLRsVPNbs=,2FbSbigSbgIFe9zS4rBRUTauNBE=
1467,1038,7AKTHoNmh7Iy/4czpseLRsVPNbs=,2FbSbigSbgIFe9zS4rBRUTauNBE=
1464,1038,7AKTHoNmh7Iy/4czpseLRsVPNbs=,2FbSbigSbgIFe9zS4rBRUTauNBE=
1466,1038,7AKTHoNmh7Iy/4czpseLRsVPNbs=,2FbSbigSbgIFe9zS4rBRUTauNBE=
1466,1025,7AKTHoNmh7Iy/4czpseLRsVPNbs=,2FbSbigSbgIFe9zS4rBRUTauNBE=
1465,1038,7AKTHoNmh7Iy/4czpseLRsVPNbs=,2FbSbigSbgIFe9zS4rBRUTauNBE=
1463,1038,7AKTHoNmh7Iy/4czpseLRsVPNbs=,2FbSbigSbgIFe9zS4rBRUTauNBE=
1467,1025,7AKTHoNmh7Iy/4czpseLRsVPNbs=,2FbSbigSbgIFe9zS4rBRUTauNBE=
1460,1038,7AKTHoNmh7Iy/4czpseLRsVPNbs=,2FbSbigSbgIFe9zS4rBRUTauNBE=
1462,1038,7AKTHoNmh7Iy/4czpseLRsVPNbs=,2FbSbigSbgIFe9zS4rBRUTauNBE=
1461,1038,7AKTHoNmh7Iy/4czpseLRsVPNbs=,2FbSbigSbgIFe9zS4rBRUTauNBE=
1459,1038,7AKTHoNmh7Iy/4czpseLRsVPNbs=,2FbSbigSbgIFe9zS4rBRUTauNBE=
1468,1025,7AKTHoNmh7Iy/4czpseLRsVPNbs=,2FbSbigSbgIFe9zS4rBRUTauNBE=
1458,1038,7AKTHoNmh7Iy/4czpseLRsVPNbs=,2FbSbigSbgIFe9zS4rBRUTauNBE=
1469,1025,7AKTHoNmh7Iy/4czpseLRsVPNbs=,2FbSbigSbgIFe9zS4rBRUTauNBE=
1456,1038,7AKTHoNmh7Iy/4czpseLRsVPNbs=,2FbSbigSbgIFe9zS4rBRUTauNBE=
1469,1037,7AKTHoNmh7Iy/4czpseLRsVPNbs=,2FbSbigSbgIFe9zS4rBRUTauNBE=
1470,1037,7AKTHoNmh7Iy/4czpseLRsVPNbs=,2FbSbigSbgIFe9zS4rBRUTauNBE=
1471,1037,7AKTHoNmh7Iy/4czpseLRsVPNbs=,2FbSbigSbgIFe9zS4rBRUTauNBE=
1467,1037,7AKTHoNmh7Iy/4czpseLRsVPNbs=,2FbSbigSbgIFe9zS4rBRUTauNBE=
1470,1025,7AKTHoNmh7Iy/4czpseLRsVPNbs=,2FbSbigSbgIFe9zS4rBRUTauNBE=
1466,1037,7AKTHoNmh7Iy/4czpseLRsVPNbs=,2FbSbigSbgIFe9zS4rBRUTauNBE=
1471,1025,7AKTHoNmh7Iy/4czpseLRsVPNbs=,2FbSbigSbgIFe9zS4rBRUTauNBE=
1465,1037,7AKTHoNmh7Iy/4czpseLRsVPNbs=,2FbSbigSbgIFe9zS4rBRUTauNBE=
1464,1037,7AKTHoNmh7Iy/4czpseLRsVPNbs=,2FbSbigSbgIFe9zS4rBRUTauNBE=
1457,1038,7AKTHoNmh7Iy/4czpseLRsVPNbs=,2FbSbigSbgIFe9zS4rBRUTauNBE=
1463,1037,7AKTHoNmh7Iy/4czpseLRsVPNbs=,2FbSbigSbgIFe9zS4rBRUTauNBE=
1456,1026,7AKTHoNmh7Iy/4czpseLRsVPNbs=,2FbSbigSbgIFe9zS4rBRUTauNBE=
1471,1024,7AKTHoNmh7Iy/4czpseLRsVPNbs=,2FbSbigSbgIFe9zS4rBRUTauNBE=
1468,1037,7AKTHoNmh7Iy/4czpseLRsVPNbs=,2FbSbigSbgIFe9zS4rBRUTauNBE=
1460,1037,7AKTHoNmh7Iy/4czpseLRsVPNbs=,2FbSbigSbgIFe9zS4rBRUTauNBE=
1459,1037,7AKTHoNmh7Iy/4czpseLRsVPNbs=,2FbSbigSbgIFe9zS4rBRUTauNBE=
1457,1026,7AKTHoNmh7Iy/4czpseLRsVPNbs=,2FbSbigSbgIFe9zS4rBRUTauNBE=
1461,1037,7AKTHoNmh7Iy/4czpseLRsVPNbs=,2FbSbigSbgIFe9zS4rBRUTauNBE=
1458,1037,7AKTHoNmh7Iy/4czpseLRsVPNbs=,2FbSbigSbgIFe9zS4rBRUTauNBE=
1462,1037,7AKTHoNmh7Iy/4czpseLRsVPNbs=,2FbSbigSbgIFe9zS4rBRUTauNBE=
1457,1037,7AKTHoNmh7Iy/4czpseLRsVPNbs=,2FbSbigSbgIFe9zS4rBRUTauNBE=
1456,1037,7AKTHoNmh7Iy/4czpseLRsVPNbs=,2FbSbigSbgIFe9zS4rBRUTauNBE=
1458,1026,7AKTHoNmh7Iy/4czpseLRsVPNbs=,2FbSbigSbgIFe9zS4rBRUTauNBE=
1459,1024,7AKTHoNmh7Iy/4czpseLRsVPNbs=,2FbSbigSbgIFe9zS4rBRUTauNBE=
1469,1036,7AKTHoNmh7Iy/4czpseLRsVPNbs=,2FbSbigSbgIFe9zS4rBRUTauNBE=
1470,1036,7AKTHoNmh7Iy/4czpseLRsVPNbs=,2FbSbigSbgIFe9zS4rBRUTauNBE=
1471,1036,7AKTHoNmh7Iy/4czpseLRsVPNbs=,2FbSbigSbgIFe9zS4rBRUTauNBE=
1465,1036,7AKTHoNmh7Iy/4czpseLRsVPNbs=,2FbSbigSbgIFe9zS4rBRUTauNBE=
1459,1026,7AKTHoNmh7Iy/4czpseLRsVPNbs=,2FbSbigSbgIFe9zS4rBRUTauNBE=
1466,1036,7AKTHoNmh7Iy/4czpseLRsVPNbs=,2FbSbigSbgIFe9zS4rBRUTauNBE=
1464,1036,7AKTHoNmh7Iy/4czpseLRsVPNbs=,2FbSbigSbgIFe9zS4rBRUTauNBE=
1460,1026,7AKTHoNmh7Iy/4czpseLRsVPNbs=,2FbSbigSbgIFe9zS4rBRUTauNBE=
1468,1036,7AKTHoNmh7Iy/4czpseLRsVPNbs=,2FbSbigSbgIFe9zS4rBRUTauNBE=
1463,1036,7AKTHoNmh7Iy/4czpseLRsVPNbs=,2FbSbigSbgIFe9zS4rBRUTauNBE=
1467,1036,7AKTHoNmh7Iy/4czpseLRsVPNbs=,2FbSbigSbgIFe9zS4rBRUTauNBE=
1470,1024,7AKTHoNmh7Iy/4czpseLRsVPNbs=,2FbSbigSbgIFe9zS4rBRUTauNBE=
1462,1036,7AKTHoNmh7Iy/4czpseLRsVPNbs=,2FbSbigSbgIFe9zS4rBRUTauNBE=
1461,1036,7AKTHoNmh7Iy/4czpseLRsVPNbs=,2FbSbigSbgIFe9zS4rBRUTauNBE=
1460,1036,7AKTHoNmh7Iy/4czpseLRsVPNbs=,2FbSbigSbgIFe9zS4rBRUTauNBE=
1459,1036,7AKTHoNmh7Iy/4czpseLRsVPNbs=,2FbSbigSbgIFe9zS4rBRUTauNBE=
1457,1036,7AKTHoNmh7Iy/4czpseLRsVPNbs=,2FbSbigSbgIFe9zS4rBRUTauNBE=
1471,1035,7AKTHoNmh7Iy/4czpseLRsVPNbs=,2FbSbigSbgIFe9zS4rBRUTauNBE=
1458,1036,7AKTHoNmh7Iy/4czpseLRsVPNbs=,2FbSbigSbgIFe9zS4rBRUTauNBE=
1470,1035,7AKTHoNmh7Iy/4czpseLRsVPNbs=,2FbSbigSbgIFe9zS4rBRUTauNBE=
1461,1026,7AKTHoNmh7Iy/4czpseLRsVPNbs=,2FbSbigSbgIFe9zS4rBRUTauNBE=
1469,1035,7AKTHoNmh7Iy/4czpseLRsVPNbs=,2FbSbigSbgIFe9zS4rBRUTauNBE=
1467,1035,7AKTHoNmh7Iy/4czpseLRsVPNbs=,2FbSbigSbgIFe9zS4rBRUTauNBE=
1462,1026,7AKTHoNmh7Iy/4czpseLRsVPNbs=,2FbSbigSbgIFe9zS4rBRUTauNBE=
1468,1035,7AKTHoNmh7Iy/4czpseLRsVPNbs=,2FbSbigSbgIFe9zS4rBRUTauNBE=
1465,1035,7AKTHoNmh7Iy/4czpseLRsVPNbs=,2FbSbigSbgIFe9zS4rBRUTauNBE=
1464,1035,7AKTHoNmh7Iy/4czpseLRsVPNbs=,2FbSbigSbgIFe9zS4rBRUTauNBE=
1466,1035,7AKTHoNmh7Iy/4czpseLRsVPNbs=,2FbSbigSbgIFe9zS4rBRUTauNBE=
1463,1035,7AKTHoNmh7Iy/4czpseLRsVPNbs=,2FbSbigSbgIFe9zS4rBRUTauNBE=
1463,1026,7AKTHoNmh7Iy/4czpseLRsVPNbs=,2FbSbigSbgIFe9zS4rBRUTauNBE=
1469,1024,7AKTHoNmh7Iy/4czpseLRsVPNbs=,2FbSbigSbgIFe9zS4rBRUTauNBE=
1461,1035,7AKTHoNmh7Iy/4czpseLRsVPNbs=,2FbSbigSbgIFe9zS4rBRUTauNBE=
1462,1035,7AKTHoNmh7Iy/4czpseLRsVPNbs=,2FbSbigSbgIFe9zS4rBRUTauNBE=
1456,1036,7AKTHoNmh7Iy/4czpseLRsVPNbs=,2FbSbigSbgIFe9zS4rBRUTauNBE=
1459,1035,7AKTHoNmh7Iy/4czpseLRsVPNbs=,2FbSbigSbgIFe9zS4rBRUTauNBE=
1460,1035,7AKTHoNmh7Iy/4czpseLRsVPNbs=,2FbSbigSbgIFe9zS4rBRUTauNBE=
1464,1026,7AKTHoNmh7Iy/4czpseLRsVPNbs=,2FbSbigSbgIFe9zS4rBRUTauNBE=
1469,1034,7AKTHoNmh7Iy/4czpseLRsVPNbs=,2FbSbigSbgIFe9zS4rBRUTauNBE=
1458,1035,7AKTHoNmh7Iy/4czpseLRsVPNbs=,2FbSbigSbgIFe9zS4rBRUTauNBE=
1465,1026,7AKTHoNmh7Iy/4czpseLRsVPNbs=,2FbSbigSbgIFe9zS4rBRUTauNBE=
1468,1034,7AKTHoNmh7Iy/4czpseLRsVPNbs=,2FbSbigSbgIFe9zS4rBRUTauNBE=
1470,1034,7AKTHoNmh7Iy/4czpseLRsVPNbs=,2FbSbigSbgIFe9zS4rBRUTauNBE=
1471,1034,7AKTHoNmh7Iy/4czpseLRsVPNbs=,2FbSbigSbgIFe9zS4rBRUTauNBE=
1456,1035,7AKTHoNmh7Iy/4czpseLRsVPNbs=,2FbSbigSbgIFe9zS4rBRUTauNBE=
1467,1034,7AKTHoNmh7Iy/4czpseLRsVPNbs=,2FbSbigSbgIFe9zS4rBRUTauNBE=
1457,1035,7AKTHoNmh7Iy/4czpseLRsVPNbs=,2FbSbigSbgIFe9zS4rBRUTauNBE=
1465,1034,7AKTHoNmh7Iy/4czpseLRsVPNbs=,2FbSbigSbgIFe9zS4rBRUTauNBE=
1466,1026,7AKTHoNmh7Iy/4czpseLRsVPNbs=,2FbSbigSbgIFe9zS4rBRUTauNBE=
1464,1034,7AKTHoNmh7Iy/4czpseLRsVPNbs=,2FbSbigSbgIFe9zS4rBRUTauNBE=
1462,1034,7AKTHoNmh7Iy/4czpseLRsVPNbs=,2FbSbigSbgIFe9zS4rBRUTauNBE=
1460,1034,7AKTHoNmh7Iy/4czpseLRsVPNbs=,2FbSbigSbgIFe9zS4rBRUTauNBE=
1468,1024,7AKTHoNmh7Iy/4czpseLRsVPNbs=,2FbSbigSbgIFe9zS4rBRUTauNBE=
1467,1026,7AKTHoNmh7Iy/4czpseLRsVPNbs=,2FbSbigSbgIFe9zS4rBRUTauNBE=
1463,1034,7AKTHoNmh7Iy/4czpseLRsVPNbs=,2FbSbigSbgIFe9zS4rBRUTauNBE=
1459,1034,7AKTHoNmh7Iy/4czpseLRsVPNbs=,2FbSbigSbgIFe9zS4rBRUTauNBE=
1456,1034,7AKTHoNmh7Iy/4czpseLRsVPNbs=,2FbSbigSbgIFe9zS4rBRUTauNBE=
1461,1034,7AKTHoNmh7Iy/4czpseLRsVPNbs=,2FbSbigSbgIFe9zS4rBRUTauNBE=
1468,1026,7AKTHoNmh7Iy/4czpseLRsVPNbs=,2FbSbigSbgIFe9zS4rBRUTauNBE=
1466,1034,7AKTHoNmh7Iy/4czpseLRsVPNbs=,2FbSbigSbgIFe9zS4rBRUTauNBE=
1471,1033,7AKTHoNmh7Iy/4czpseLRsVPNbs=,2FbSbigSbgIFe9zS4rBRUTauNBE=
1470,1033,7AKTHoNmh7Iy/4czpseLRsVPNbs=,2FbSbigSbgIFe9zS4rBRUTauNBE=
1467,1033,7AKTHoNmh7Iy/4czpseLRsVPNbs=,2FbSbigSbgIFe9zS4rBRUTauNBE=
1468,1033,7AKTHoNmh7Iy/4czpseLRsVPNbs=,2FbSbigSbgIFe9zS4rBRUTauNBE=
1469,1033,7AKTHoNmh7Iy/4czpseLRsVPNbs=,2FbSbigSbgIFe9zS4rBRUTauNBE=
1458,1034,7AKTHoNmh7Iy/4czpseLRsVPNbs=,2FbSbigSbgIFe9zS4rBRUTauNBE=
1465,1033,7AKTHoNmh7Iy/4czpseLRsVPNbs=,2FbSbigSbgIFe9zS4rBRUTauNBE=
1457,1034,7AKTHoNmh7Iy/4czpseLRsVPNbs=,2FbSbigSbgIFe9zS4rBRUTauNBE=
1469,1026,7AKTHoNmh7Iy/4czpseLRsVPNbs=,2FbSbigSbgIFe9zS4rBRUTauNBE=
1463,1033,7AKTHoNmh7Iy/4czpseLRsVPNbs=,2FbSbigSbgIFe9zS4rBRUTauNBE=
1466,1033,7AKTHoNmh7Iy/4czpseLRsVPNbs=,2FbSbigSbgIFe9zS4rBRUTauNBE=
1464,1033,7AKTHoNmh7Iy/4czpseLRsVPNbs=,2FbSbigSbgIFe9zS4rBRUTauNBE=
1467,1024,7AKTHoNmh7Iy/4czpseLRsVPNbs=,2FbSbigSbgIFe9zS4rBRUTauNBE=
1460,1033,7AKTHoNmh7Iy/4czpseLRsVPNbs=,2FbSbigSbgIFe9zS4rBRUTauNBE=
1461,1033,7AKTHoNmh7Iy/4czpseLRsVPNbs=,2FbSbigSbgIFe9zS4rBRUTauNBE=
1462,1033,7AKTHoNmh7Iy/4czpseLRsVPNbs=,2FbSbigSbgIFe9zS4rBRUTauNBE=
1470,1026,7AKTHoNmh7Iy/4czpseLRsVPNbs=,2FbSbigSbgIFe9zS4rBRUTauNBE=
1459,1033,7AKTHoNmh7Iy/4czpseLRsVPNbs=,2FbSbigSbgIFe9zS4rBRUTauNBE=
1458,1033,7AKTHoNmh7Iy/4czpseLRsVPNbs=,2FbSbigSbgIFe9zS4rBRUTauNBE=
1456,1033,7AKTHoNmh7Iy/4czpseLRsVPNbs=,2FbSbigSbgIFe9zS4rBRUTauNBE=
1469,1032,7AKTHoNmh7Iy/4czpseLRsVPNbs=,2FbSbigSbgIFe9zS4rBRUTauNBE=
1457,1033,7AKTHoNmh7Iy/4czpseLRsVPNbs=,2FbSbigSbgIFe9zS4rBRUTauNBE=
1471,1026,7AKTHoNmh7Iy/4czpseLRsVPNbs=,2FbSbigSbgIFe9zS4rBRUTauNBE=
1471,1032,7AKTHoNmh7Iy/4czpseLRsVPNbs=,2FbSbigSbgIFe9zS4rBRUTauNBE=
1468,1032,7AKTHoNmh7Iy/4czpseLRsVPNbs=,2FbSbigSbgIFe9zS4rBRUTauNBE=
1466,1024,7AKTHoNmh7Iy/4czpseLRsVPNbs=,2FbSbigSbgIFe9zS4rBRUTauNBE=
1462,1032,7AKTHoNmh7Iy/4czpseLRsVPNbs=,2FbSbigSbgIFe9zS4rBRUTauNBE=
1466,1032,7AKTHoNmh7Iy/4czpseLRsVPNbs=,2FbSbigSbgIFe9zS4rBRUTauNBE=
1470,1032,7AKTHoNmh7Iy/4czpseLRsVPNbs=,2FbSbigSbgIFe9zS4rBRUTauNBE=
1465,1032,7AKTHoNmh7Iy/4czpseLRsVPNbs=,2FbSbigSbgIFe9zS4rBRUTauNBE=
1463,1032,7AKTHoNmh7Iy/4czpseLRsVPNbs=,2FbSbigSbgIFe9zS4rBRUTauNBE=
1464,1032,7AKTHoNmh7Iy/4czpseLRsVPNbs=,2FbSbigSbgIFe9zS4rBRUTauNBE=
1459,1032,7AKTHoNmh7Iy/4czpseLRsVPNbs=,2FbSbigSbgIFe9zS4rBRUTauNBE=
1456,1027,7AKTHoNmh7Iy/4czpseLRsVPNbs=,2FbSbigSbgIFe9zS4rBRUTauNBE=
1457,1032,7AKTHoNmh7Iy/4czpseLRsVPNbs=,2FbSbigSbgIFe9zS4rBRUTauNBE=
1467,1032,7AKTHoNmh7Iy/4czpseLRsVPNbs=,2FbSbigSbgIFe9zS4rBRUTauNBE=
1469,1031,7AKTHoNmh7Iy/4czpseLRsVPNbs=,2FbSbigSbgIFe9zS4rBRUTauNBE=
1470,1031,7AKTHoNmh7Iy/4czpseLRsVPNbs=,2FbSbigSbgIFe9zS4rBRUTauNBE=
1461,1032,7AKTHoNmh7Iy/4czpseLRsVPNbs=,2FbSbigSbgIFe9zS4rBRUTauNBE=
1456,1032,7AKTHoNmh7Iy/4czpseLRsVPNbs=,2FbSbigSbgIFe9zS4rBRUTauNBE=
1471,1031,7AKTHoNmh7Iy/4czpseLRsVPNbs=,2FbSbigSbgIFe9zS4rBRUTauNBE=
1457,1027,7AKTHoNmh7Iy/4czpseLRsVPNbs=,2FbSbigSbgIFe9zS4rBRUTauNBE=
1467,1031,7AKTHoNmh7Iy/4czpseLRsVPNbs=,2FbSbigSbgIFe9zS4rBRUTauNBE=
1466,1031,7AKTHoNmh7Iy/4czpseLRsVPNbs=,2FbSbigSbgIFe9zS4rBRUTauNBE=
1463,1031,7AKTHoNmh7Iy/4czpseLRsVPNbs=,2FbSbigSbgIFe9zS4rBRUTauNBE=
1464,1031,7AKTHoNmh7Iy/4czpseLRsVPNbs=,2FbSbigSbgIFe9zS4rBRUTauNBE=
1468,1031,7AKTHoNmh7Iy/4czpseLRsVPNbs=,2FbSbigSbgIFe9zS4rBRUTauNBE=
1462,1031,7AKTHoNmh7Iy/4czpseLRsVPNbs=,2FbSbigSbgIFe9zS4rBRUTauNBE=
1460,1031,7AKTHoNmh7Iy/4czpseLRsVPNbs=,2FbSbigSbgIFe9zS4rBRUTauNBE=
1459,1031,7AKTHoNmh7Iy/4czpseLRsVPNbs=,2FbSbigSbgIFe9zS4rBRUTauNBE=
1465,1031,7AKTHoNmh7Iy/4czpseLRsVPNbs=,2FbSbigSbgIFe9zS4rBRUTauNBE=
1457,1031,7AKTHoNmh7Iy/4czpseLRsVPNbs=,2FbSbigSbgIFe9zS4rBRUTauNBE=
1471,1030,7AKTHoNmh7Iy/4czpseLRsVPNbs=,2FbSbigSbgIFe9zS4rBRUTauNBE=
1458,1031,7AKTHoNmh7Iy/4czpseLRsVPNbs=,2FbSbigSbgIFe9zS4rBRUTauNBE=
1456,1031,7AKTHoNmh7Iy/4czpseLRsVPNbs=,2FbSbigSbgIFe9zS4rBRUTauNBE=
1461,1031,7AKTHoNmh7Iy/4czpseLRsVPNbs=,2FbSbigSbgIFe9zS4rBRUTauNBE=
1470,1030,7AKTHoNmh7Iy/4czpseLRsVPNbs=,2FbSbigSbgIFe9zS4rBRUTauNBE=
1460,1024,7AKTHoNmh7Iy/4czpseLRsVPNbs=,2FbSbigSbgIFe9zS4rBRUTauNBE=
1464,1024,7AKTHoNmh7Iy/4czpseLRsVPNbs=,2FbSbigSbgIFe9zS4rBRUTauNBE=
1466,1030,7AKTHoNmh7Iy/4czpseLRsVPNbs=,2FbSbigSbgIFe9zS4rBRUTauNBE=
1468,1030,7AKTHoNmh7Iy/4czpseLRsVPNbs=,2FbSbigSbgIFe9zS4rBRUTauNBE=
1465,1030,7AKTHoNmh7Iy/4czpseLRsVPNbs=,2FbSbigSbgIFe9zS4rBRUTauNBE=
1464,1030,7AKTHoNmh7Iy/4czpseLRsVPNbs=,2FbSbigSbgIFe9zS4rBRUTauNBE=
1463,1030,7AKTHoNmh7Iy/4czpseLRsVPNbs=,2FbSbigSbgIFe9zS4rBRUTauNBE=
1467,1030,7AKTHoNmh7Iy/4czpseLRsVPNbs=,2FbSbigSbgIFe9zS4rBRUTauNBE=
1458,1027,7AKTHoNmh7Iy/4czpseLRsVPNbs=,2FbSbigSbgIFe9zS4rBRUTauNBE=
1462,1030,7AKTHoNmh7Iy/4czpseLRsVPNbs=,2FbSbigSbgIFe9zS4rBRUTauNBE=
1461,1030,7AKTHoNmh7Iy/4czpseLRsVPNbs=,2FbSbigSbgIFe9zS4rBRUTauNBE=
1460,1030,7AKTHoNmh7Iy/4czpseLRsVPNbs=,2FbSbigSbgIFe9zS4rBRUTauNBE=
1458,1030,7AKTHoNmh7Iy/4czpseLRsVPNbs=,2FbSbigSbgIFe9zS4rBRUTauNBE=
1459,1030,7AKTHoNmh7Iy/4czpseLRsVPNbs=,2FbSbigSbgIFe9zS4rBRUTauNBE=
1459,1027,7AKTHoNmh7Iy/4czpseLRsVPNbs=,2FbSbigSbgIFe9zS4rBRUTauNBE=
1457,1030,7AKTHoNmh7Iy/4czpseLRsVPNbs=,2FbSbigSbgIFe9zS4rBRUTauNBE=
1471,1029,7AKTHoNmh7Iy/4czpseLRsVPNbs=,2FbSbigSbgIFe9zS4rBRUTauNBE=
1456,1030,7AKTHoNmh7Iy/4czpseLRsVPNbs=,2FbSbigSbgIFe9zS4rBRUTauNBE=
1468,1029,7AKTHoNmh7Iy/4czpseLRsVPNbs=,2FbSbigSbgIFe9zS4rBRUTauNBE=
1463,1024,7AKTHoNmh7Iy/4czpseLRsVPNbs=,2FbSbigSbgIFe9zS4rBRUTauNBE=
1460,1027,7AKTHoNmh7Iy/4czpseLRsVPNbs=,2FbSbigSbgIFe9zS4rBRUTauNBE=
1467,1029,7AKTHoNmh7Iy/4czpseLRsVPNbs=,2FbSbigSbgIFe9zS4rBRUTauNBE=
1466,1029,7AKTHoNmh7Iy/4czpseLRsVPNbs=,2FbSbigSbgIFe9zS4rBRUTauNBE=
1465,1029,7AKTHoNmh7Iy/4czpseLRsVPNbs=,2FbSbigSbgIFe9zS4rBRUTauNBE=
1462,1029,7AKTHoNmh7Iy/4czpseLRsVPNbs=,2FbSbigSbgIFe9zS4rBRUTauNBE=
1459,1029,7AKTHoNmh7Iy/4czpseLRsVPNbs=,2FbSbigSbgIFe9zS4rBRUTauNBE=
1460,1029,7AKTHoNmh7Iy/4czpseLRsVPNbs=,2FbSbigSbgIFe9zS4rBRUTauNBE=
1465,1024,7AKTHoNmh7Iy/4czpseLRsVPNbs=,2FbSbigSbgIFe9zS4rBRUTauNBE=
1461,1027,7AKTHoNmh7Iy/4czpseLRsVPNbs=,2FbSbigSbgIFe9zS4rBRUTauNBE=
1464,1029,7AKTHoNmh7Iy/4czpseLRsVPNbs=,2FbSbigSbgIFe9zS4rBRUTauNBE=
1461,1029,7AKTHoNmh7Iy/4czpseLRsVPNbs=,2FbSbigSbgIFe9zS4rBRUTauNBE=
1463,1029,7AKTHoNmh7Iy/4czpseLRsVPNbs=,2FbSbigSbgIFe9zS4rBRUTauNBE=
1462,1024,7AKTHoNmh7Iy/4czpseLRsVPNbs=,2FbSbigSbgIFe9zS4rBRUTauNBE=
1458,1029,7AKTHoNmh7Iy/4czpseLRsVPNbs=,2FbSbigSbgIFe9zS4rBRUTauNBE=
1470,1028,7AKTHoNmh7Iy/4czpseLRsVPNbs=,2FbSbigSbgIFe9zS4rBRUTauNBE=
1471,1028,7AKTHoNmh7Iy/4czpseLRsVPNbs=,2FbSbigSbgIFe9zS4rBRUTauNBE=
1457,1029,7AKTHoNmh7Iy/4czpseLRsVPNbs=,2FbSbigSbgIFe9zS4rBRUTauNBE=
1462,1027,7AKTHoNmh7Iy/4czpseLRsVPNbs=,2FbSbigSbgIFe9zS4rBRUTauNBE=
1456,1029,7AKTHoNmh7Iy/4czpseLRsVPNbs=,2FbSbigSbgIFe9zS4rBRUTauNBE=
1462,1028,7AKTHoNmh7Iy/4czpseLRsVPNbs=,2FbSbigSbgIFe9zS4rBRUTauNBE=
1467,1028,7AKTHoNmh7Iy/4czpseLRsVPNbs=,2FbSbigSbgIFe9zS4rBRUTauNBE=
1469,1028,7AKTHoNmh7Iy/4czpseLRsVPNbs=,2FbSbigSbgIFe9zS4rBRUTauNBE=
1468,1028,7AKTHoNmh7Iy/4czpseLRsVPNbs=,2FbSbigSbgIFe9zS4rBRUTauNBE=
1464,1028,7AKTHoNmh7Iy/4czpseLRsVPNbs=,2FbSbigSbgIFe9zS4rBRUTauNBE=
1466,1028,7AKTHoNmh7Iy/4czpseLRsVPNbs=,2FbSbigSbgIFe9zS4rBRUTauNBE=
1458,1028,7AKTHoNmh7Iy/4czpseLRsVPNbs=,2FbSbigSbgIFe9zS4rBRUTauNBE=
1465,1028,7AKTHoNmh7Iy/4czpseLRsVPNbs=,2FbSbigSbgIFe9zS4rBRUTauNBE=
1459,1028,7AKTHoNmh7Iy/4czpseLRsVPNbs=,2FbSbigSbgIFe9zS4rBRUTauNBE=
1460,1028,7AKTHoNmh7Iy/4czpseLRsVPNbs=,2FbSbigSbgIFe9zS4rBRUTauNBE=
1457,1028,7AKTHoNmh7Iy/4czpseLRsVPNbs=,2FbSbigSbgIFe9zS4rBRUTauNBE=
1463,1027,7AKTHoNmh7Iy/4czpseLRsVPNbs=,2FbSbigSbgIFe9zS4rBRUTauNBE=
1461,1024,7AKTHoNmh7Iy/4czpseLRsVPNbs=,2FbSbigSbgIFe9zS4rBRUTauNBE=
1467,1027,7AKTHoNmh7Iy/4czpseLRsVPNbs=,2FbSbigSbgIFe9zS4rBRUTauNBE=
1469,1030,7AKTHoNmh7Iy/4czpseLRsVPNbs=,2FbSbigSbgIFe9zS4rBRUTauNBE=
1456,1028,7AKTHoNmh7Iy/4czpseLRsVPNbs=,2FbSbigSbgIFe9zS4rBRUTauNBE=
1470,1027,7AKTHoNmh7Iy/4czpseLRsVPNbs=,2FbSbigSbgIFe9zS4rBRUTauNBE=
1466,1027,7AKTHoNmh7Iy/4czpseLRsVPNbs=,2FbSbigSbgIFe9zS4rBRUTauNBE=
1469,1027,7AKTHoNmh7Iy/4czpseLRsVPNbs=,2FbSbigSbgIFe9zS4rBRUTauNBE=
1460,1032,7AKTHoNmh7Iy/4czpseLRsVPNbs=,2FbSbigSbgIFe9zS4rBRUTauNBE=
1464,1027,7AKTHoNmh7Iy/4czpseLRsVPNbs=,2FbSbigSbgIFe9zS4rBRUTauNBE=
1471,1027,7AKTHoNmh7Iy/4czpseLRsVPNbs=,2FbSbigSbgIFe9zS4rBRUTauNBE=
1458,1032,7AKTHoNmh7Iy/4czpseLRsVPNbs=,2FbSbigSbgIFe9zS4rBRUTauNBE=
1468,1027,7AKTHoNmh7Iy/4czpseLRsVPNbs=,2FbSbigSbgIFe9zS4rBRUTauNBE=
1470,1029,7AKTHoNmh7Iy/4czpseLRsVPNbs=,2FbSbigSbgIFe9zS4rBRUTauNBE=
1465,1027,7AKTHoNmh7Iy/4czpseLRsVPNbs=,2FbSbigSbgIFe9zS4rBRUTauNBE=
1469,1029,7AKTHoNmh7Iy/4czpseLRsVPNbs=,2FbSbigSbgIFe9zS4rBRUTauNBE=
1461,1028,7AKTHoNmh7Iy/4czpseLRsVPNbs=,2FbSbigSbgIFe9zS4rBRUTauNBE=
1463,1028,7AKTHoNmh7Iy/4czpseLRsVPNbs=,2FbSbigSbgIFe9zS4rBRUTauNBE=
1444,1040,19nswhhhblsNm+dPNncXLsKfyPo=,2FbSbigSbgIFe9zS4rBRUTauNBE=
1445,1040,19nswhhhblsNm+dPNncXLsKfyPo=,2FbSbigSbgIFe9zS4rBRUTauNBE=
1447,1040,19nswhhhblsNm+dPNncXLsKfyPo=,2FbSbigSbgIFe9zS4rBRUTauNBE=
1443,1040,19nswhhhblsNm+dPNncXLsKfyPo=,2FbSbigSbgIFe9zS4rBRUTauNBE=
1446,1040,19nswhhhblsNm+dPNncXLsKfyPo=,2FbSbigSbgIFe9zS4rBRUTauNBE=
1448,1040,19nswhhhblsNm+dPNncXLsKfyPo=,2FbSbigSbgIFe9zS4rBRUTauNBE=
1449,1040,19nswhhhblsNm+dPNncXLsKfyPo=,2FbSbigSbgIFe9zS4rBRUTauNBE=
1442,1040,19nswhhhblsNm+dPNncXLsKfyPo=,2FbSbigSbgIFe9zS4rBRUTauNBE=
1455,1055,19nswhhhblsNm+dPNncXLsKfyPo=,2FbSbigSbgIFe9zS4rBRUTauNBE=
1450,1040,19nswhhhblsNm+dPNncXLsKfyPo=,2FbSbigSbgIFe9zS4rBRUTauNBE=
1454,1055,19nswhhhblsNm+dPNncXLsKfyPo=,2FbSbigSbgIFe9zS4rBRUTauNBE=
1441,1040,19nswhhhblsNm+dPNncXLsKfyPo=,2FbSbigSbgIFe9zS4rBRUTauNBE=
1440,1040,19nswhhhblsNm+dPNncXLsKfyPo=,2FbSbigSbgIFe9zS4rBRUTauNBE=
1451,1040,19nswhhhblsNm+dPNncXLsKfyPo=,2FbSbigSbgIFe9zS4rBRUTauNBE=
1452,1040,19nswhhhblsNm+dPNncXLsKfyPo=,2FbSbigSbgIFe9zS4rBRUTauNBE=
1453,1040,19nswhhhblsNm+dPNncXLsKfyPo=,2FbSbigSbgIFe9zS4rBRUTauNBE=
1453,1055,19nswhhhblsNm+dPNncXLsKfyPo=,2FbSbigSbgIFe9zS4rBRUTauNBE=
1454,1040,19nswhhhblsNm+dPNncXLsKfyPo=,2FbSbigSbgIFe9zS4rBRUTauNBE=
1451,1055,19nswhhhblsNm+dPNncXLsKfyPo=,2FbSbigSbgIFe9zS4rBRUTauNBE=
1452,1055,19nswhhhblsNm+dPNncXLsKfyPo=,2FbSbigSbgIFe9zS4rBRUTauNBE=
1450,1055,19nswhhhblsNm+dPNncXLsKfyPo=,2FbSbigSbgIFe9zS4rBRUTauNBE=
1455,1040,19nswhhhblsNm+dPNncXLsKfyPo=,2FbSbigSbgIFe9zS4rBRUTauNBE=
1449,1055,19nswhhhblsNm+dPNncXLsKfyPo=,2FbSbigSbgIFe9zS4rBRUTauNBE=
1448,1055,19nswhhhblsNm+dPNncXLsKfyPo=,2FbSbigSbgIFe9zS4rBRUTauNBE=
1445,1055,19nswhhhblsNm+dPNncXLsKfyPo=,2FbSbigSbgIFe9zS4rBRUTauNBE=
1447,1055,19nswhhhblsNm+dPNncXLsKfyPo=,2FbSbigSbgIFe9zS4rBRUTauNBE=
1440,1041,19nswhhhblsNm+dPNncXLsKfyPo=,2FbSbigSbgIFe9zS4rBRUTauNBE=
1446,1055,19nswhhhblsNm+dPNncXLsKfyPo=,2FbSbigSbgIFe9zS4rBRUTauNBE=
1441,1041,19nswhhhblsNm+dPNncXLsKfyPo=,2FbSbigSbgIFe9zS4rBRUTauNBE=
1443,1055,19nswhhhblsNm+dPNncXLsKfyPo=,2FbSbigSbgIFe9zS4rBRUTauNBE=
1444,1055,19nswhhhblsNm+dPNncXLsKfyPo=,2FbSbigSbgIFe9zS4rBRUTauNBE=
1441,1055,19nswhhhblsNm+dPNncXLsKfyPo=,2FbSbigSbgIFe9zS4rBRUTauNBE=
1442,1041,19nswhhhblsNm+dPNncXLsKfyPo=,2FbSbigSbgIFe9zS4rBRUTauNBE=
1442,1055,19nswhhhblsNm+dPNncXLsKfyPo=,2FbSbigSbgIFe9zS4rBRUTauNBE=
1440,1055,19nswhhhblsNm+dPNncXLsKfyPo=,2FbSbigSbgIFe9zS4rBRUTauNBE=
1455,1054,19nswhhhblsNm+dPNncXLsKfyPo=,2FbSbigSbgIFe9zS4rBRUTauNBE=
1454,1054,19nswhhhblsNm+dPNncXLsKfyPo=,2FbSbigSbgIFe9zS4rBRUTauNBE=
1453,1054,19nswhhhblsNm+dPNncXLsKfyPo=,2FbSbigSbgIFe9zS4rBRUTauNBE=
1452,1054,19nswhhhblsNm+dPNncXLsKfyPo=,2FbSbigSbgIFe9zS4rBRUTauNBE=
1443,1041,19nswhhhblsNm+dPNncXLsKfyPo=,2FbSbigSbgIFe9zS4rBRUTauNBE=
1444,1041,19nswhhhblsNm+dPNncXLsKfyPo=,2FbSbigSbgIFe9zS4rBRUTauNBE=
1451,1054,19nswhhhblsNm+dPNncXLsKfyPo=,2FbSbigSbgIFe9zS4rBRUTauNBE=
1449,1054,19nswhhhblsNm+dPNncXLsKfyPo=,2FbSbigSbgIFe9zS4rBRUTauNBE=
1450,1054,19nswhhhblsNm+dPNncXLsKfyPo=,2FbSbigSbgIFe9zS4rBRUTauNBE=
1448,1054,19nswhhhblsNm+dPNncXLsKfyPo=,2FbSbigSbgIFe9zS4rBRUTauNBE=
1447,1054,19nswhhhblsNm+dPNncXLsKfyPo=,2FbSbigSbgIFe9zS4rBRUTauNBE=
1445,1041,19nswhhhblsNm+dPNncXLsKfyPo=,2FbSbigSbgIFe9zS4rBRUTauNBE=
1446,1054,19nswhhhblsNm+dPNncXLsKfyPo=,2FbSbigSbgIFe9zS4rBRUTauNBE=
1443,1054,19nswhhhblsNm+dPNncXLsKfyPo=,2FbSbigSbgIFe9zS4rBRUTauNBE=
1445,1054,19nswhhhblsNm+dPNncXLsKfyPo=,2FbSbigSbgIFe9zS4rBRUTauNBE=
1444,1054,19nswhhhblsNm+dPNncXLsKfyPo=,2FbSbigSbgIFe9zS4rBRUTauNBE=
1447,1041,19nswhhhblsNm+dPNncXLsKfyPo=,2FbSbigSbgIFe9zS4rBRUTauNBE=
1442,1054,19nswhhhblsNm+dPNncXLsKfyPo=,2FbSbigSbgIFe9zS4rBRUTauNBE=
1455,1053,19nswhhhblsNm+dPNncXLsKfyPo=,2FbSbigSbgIFe9zS4rBRUTauNBE=
1448,1041,19nswhhhblsNm+dPNncXLsKfyPo=,2FbSbigSbgIFe9zS4rBRUTauNBE=
1440,1054,19nswhhhblsNm+dPNncXLsKfyPo=,2FbSbigSbgIFe9zS4rBRUTauNBE=
1441,1054,19nswhhhblsNm+dPNncXLsKfyPo=,2FbSbigSbgIFe9zS4rBRUTauNBE=
1454,1053,19nswhhhblsNm+dPNncXLsKfyPo=,2FbSbigSbgIFe9zS4rBRUTauNBE=
1446,1041,19nswhhhblsNm+dPNncXLsKfyPo=,2FbSbigSbgIFe9zS4rBRUTauNBE=
1449,1041,19nswhhhblsNm+dPNncXLsKfyPo=,2FbSbigSbgIFe9zS4rBRUTauNBE=
1452,1053,19nswhhhblsNm+dPNncXLsKfyPo=,2FbSbigSbgIFe9zS4rBRUTauNBE=
1453,1053,19nswhhhblsNm+dPNncXLsKfyPo=,2FbSbigSbgIFe9zS4rBRUTauNBE=
1451,1053,19nswhhhblsNm+dPNncXLsKfyPo=,2FbSbigSbgIFe9zS4rBRUTauNBE=
1450,1041,19nswhhhblsNm+dPNncXLsKfyPo=,2FbSbigSbgIFe9zS4rBRUTauNBE=
1449,1053,19nswhhhblsNm+dPNncXLsKfyPo=,2FbSbigSbgIFe9zS4rBRUTauNBE=
1450,1053,19nswhhhblsNm+dPNncXLsKfyPo=,2FbSbigSbgIFe9zS4rBRUTauNBE=
1448,1053,19nswhhhblsNm+dPNncXLsKfyPo=,2FbSbigSbgIFe9zS4rBRUTauNBE=
1451,1041,19nswhhhblsNm+dPNncXLsKfyPo=,2FbSbigSbgIFe9zS4rBRUTauNBE=
1447,1053,19nswhhhblsNm+dPNncXLsKfyPo=,2FbSbigSbgIFe9zS4rBRUTauNBE=
1446,1053,19nswhhhblsNm+dPNncXLsKfyPo=,2FbSbigSbgIFe9zS4rBRUTauNBE=
1452,1041,19nswhhhblsNm+dPNncXLsKfyPo=,2FbSbigSbgIFe9zS4rBRUTauNBE=
1443,1053,19nswhhhblsNm+dPNncXLsKfyPo=,2FbSbigSbgIFe9zS4rBRUTauNBE=
1445,1053,19nswhhhblsNm+dPNncXLsKfyPo=,2FbSbigSbgIFe9zS4rBRUTauNBE=
1442,1053,19nswhhhblsNm+dPNncXLsKfyPo=,2FbSbigSbgIFe9zS4rBRUTauNBE=
1441,1053,19nswhhhblsNm+dPNncXLsKfyPo=,2FbSbigSbgIFe9zS4rBRUTauNBE=
1453,1041,19nswhhhblsNm+dPNncXLsKfyPo=,2FbSbigSbgIFe9zS4rBRUTauNBE=
1455,1052,19nswhhhblsNm+dPNncXLsKfyPo=,2FbSbigSbgIFe9zS4rBRUTauNBE=
1440,1053,19nswhhhblsNm+dPNncXLsKfyPo=,2FbSbigSbgIFe9zS4rBRUTauNBE=
1444,1053,19nswhhhblsNm+dPNncXLsKfyPo=,2FbSbigSbgIFe9zS4rBRUTauNBE=
1454,1041,19nswhhhblsNm+dPNncXLsKfyPo=,2FbSbigSbgIFe9zS4rBRUTauNBE=
1453,1052,19nswhhhblsNm+dPNncXLsKfyPo=,2FbSbigSbgIFe9zS4rBRUTauNBE=
1454,1052,19nswhhhblsNm+dPNncXLsKfyPo=,2FbSbigSbgIFe9zS4rBRUTauNBE=
1455,1041,19nswhhhblsNm+dPNncXLsKfyPo=,2FbSbigSbgIFe9zS4rBRUTauNBE=
1452,1052,19nswhhhblsNm+dPNncXLsKfyPo=,2FbSbigSbgIFe9zS4rBRUTauNBE=
1450,1052,19nswhhhblsNm+dPNncXLsKfyPo=,2FbSbigSbgIFe9zS4rBRUTauNBE=
1451,1052,19nswhhhblsNm+dPNncXLsKfyPo=,2FbSbigSbgIFe9zS4rBRUTauNBE=
1440,1042,19nswhhhblsNm+dPNncXLsKfyPo=,2FbSbigSbgIFe9zS4rBRUTauNBE=
1448,1052,19nswhhhblsNm+dPNncXLsKfyPo=,2FbSbigSbgIFe9zS4rBRUTauNBE=
1446,1052,19nswhhhblsNm+dPNncXLsKfyPo=,2FbSbigSbgIFe9zS4rBRUTauNBE=
1449,1052,19nswhhhblsNm+dPNncXLsKfyPo=,2FbSbigSbgIFe9zS4rBRUTauNBE=
1447,1052,19nswhhhblsNm+dPNncXLsKfyPo=,2FbSbigSbgIFe9zS4rBRUTauNBE=
1443,1052,19nswhhhblsNm+dPNncXLsKfyPo=,2FbSbigSbgIFe9zS4rBRUTauNBE=
1441,1042,19nswhhhblsNm+dPNncXLsKfyPo=,2FbSbigSbgIFe9zS4rBRUTauNBE=
1444,1052,19nswhhhblsNm+dPNncXLsKfyPo=,2FbSbigSbgIFe9zS4rBRUTauNBE=
1442,1042,19nswhhhblsNm+dPNncXLsKfyPo=,2FbSbigSbgIFe9zS4rBRUTauNBE=
1442,1052,19nswhhhblsNm+dPNncXLsKfyPo=,2FbSbigSbgIFe9zS4rBRUTauNBE=
1440,1052,19nswhhhblsNm+dPNncXLsKfyPo=,2FbSbigSbgIFe9zS4rBRUTauNBE=
1441,1052,19nswhhhblsNm+dPNncXLsKfyPo=,2FbSbigSbgIFe9zS4rBRUTauNBE=
1445,1052,19nswhhhblsNm+dPNncXLsKfyPo=,2FbSbigSbgIFe9zS4rBRUTauNBE=
1443,1042,19nswhhhblsNm+dPNncXLsKfyPo=,2FbSbigSbgIFe9zS4rBRUTauNBE=
1455,1051,19nswhhhblsNm+dPNncXLsKfyPo=,2FbSbigSbgIFe9zS4rBRUTauNBE=
1444,1042,19nswhhhblsNm+dPNncXLsKfyPo=,2FbSbigSbgIFe9zS4rBRUTauNBE=
1451,1051,19nswhhhblsNm+dPNncXLsKfyPo=,2FbSbigSbgIFe9zS4rBRUTauNBE=
1454,1051,19nswhhhblsNm+dPNncXLsKfyPo=,2FbSbigSbgIFe9zS4rBRUTauNBE=
1450,1051,19nswhhhblsNm+dPNncXLsKfyPo=,2FbSbigSbgIFe9zS4rBRUTauNBE=
1445,1042,19nswhhhblsNm+dPNncXLsKfyPo=,2FbSbigSbgIFe9zS4rBRUTauNBE=
1453,1051,19nswhhhblsNm+dPNncXLsKfyPo=,2FbSbigSbgIFe9zS4rBRUTauNBE=
1449,1051,19nswhhhblsNm+dPNncXLsKfyPo=,2FbSbigSbgIFe9zS4rBRUTauNBE=
1452,1051,19nswhhhblsNm+dPNncXLsKfyPo=,2FbSbigSbgIFe9zS4rBRUTauNBE=
1448,1051,19nswhhhblsNm+dPNncXLsKfyPo=,2FbSbigSbgIFe9zS4rBRUTauNBE=
1447,1051,19nswhhhblsNm+dPNncXLsKfyPo=,2FbSbigSbgIFe9zS4rBRUTauNBE=
1446,1051,19nswhhhblsNm+dPNncXLsKfyPo=,2FbSbigSbgIFe9zS4rBRUTauNBE=
1446,1042,19nswhhhblsNm+dPNncXLsKfyPo=,2FbSbigSbgIFe9zS4rBRUTauNBE=
1445,1051,19nswhhhblsNm+dPNncXLsKfyPo=,2FbSbigSbgIFe9zS4rBRUTauNBE=
1444,1051,19nswhhhblsNm+dPNncXLsKfyPo=,2FbSbigSbgIFe9zS4rBRUTauNBE=
1443,1051,19nswhhhblsNm+dPNncXLsKfyPo=,2FbSbigSbgIFe9zS4rBRUTauNBE=
1442,1051,19nswhhhblsNm+dPNncXLsKfyPo=,2FbSbigSbgIFe9zS4rBRUTauNBE=
1447,1042,19nswhhhblsNm+dPNncXLsKfyPo=,2FbSbigSbgIFe9zS4rBRUTauNBE=
1441,1051,19nswhhhblsNm+dPNncXLsKfyPo=,2FbSbigSbgIFe9zS4rBRUTauNBE=
1440,1051,19nswhhhblsNm+dPNncXLsKfyPo=,2FbSbigSbgIFe9zS4rBRUTauNBE=
1455,1050,19nswhhhblsNm+dPNncXLsKfyPo=,2FbSbigSbgIFe9zS4rBRUTauNBE=
1454,1050,19nswhhhblsNm+dPNncXLsKfyPo=,2FbSbigSbgIFe9zS4rBRUTauNBE=
1448,1042,19nswhhhblsNm+dPNncXLsKfyPo=,2FbSbigSbgIFe9zS4rBRUTauNBE=
1451,1050,19nswhhhblsNm+dPNncXLsKfyPo=,2FbSbigSbgIFe9zS4rBRUTauNBE=
1452,1050,19nswhhhblsNm+dPNncXLsKfyPo=,2FbSbigSbgIFe9zS4rBRUTauNBE=
1453,1050,19nswhhhblsNm+dPNncXLsKfyPo=,2FbSbigSbgIFe9zS4rBRUTauNBE=
1450,1050,19nswhhhblsNm+dPNncXLsKfyPo=,2FbSbigSbgIFe9zS4rBRUTauNBE=
1449,1042,19nswhhhblsNm+dPNncXLsKfyPo=,2FbSbigSbgIFe9zS4rBRUTauNBE=
1446,1050,19nswhhhblsNm+dPNncXLsKfyPo=,2FbSbigSbgIFe9zS4rBRUTauNBE=
1449,1050,19nswhhhblsNm+dPNncXLsKfyPo=,2FbSbigSbgIFe9zS4rBRUTauNBE=
1448,1050,19nswhhhblsNm+dPNncXLsKfyPo=,2FbSbigSbgIFe9zS4rBRUTauNBE=
1443,1050,19nswhhhblsNm+dPNncXLsKfyPo=,2FbSbigSbgIFe9zS4rBRUTauNBE=
1447,1050,19nswhhhblsNm+dPNncXLsKfyPo=,2FbSbigSbgIFe9zS4rBRUTauNBE=
1444,1050,19nswhhhblsNm+dPNncXLsKfyPo=,2FbSbigSbgIFe9zS4rBRUTauNBE=
1455,1049,19nswhhhblsNm+dPNncXLsKfyPo=,2FbSbigSbgIFe9zS4rBRUTauNBE=
1441,1050,19nswhhhblsNm+dPNncXLsKfyPo=,2FbSbigSbgIFe9zS4rBRUTauNBE=
1454,1049,19nswhhhblsNm+dPNncXLsKfyPo=,2FbSbigSbgIFe9zS4rBRUTauNBE=
1440,1050,19nswhhhblsNm+dPNncXLsKfyPo=,2FbSbigSbgIFe9zS4rBRUTauNBE=
1453,1049,19nswhhhblsNm+dPNncXLsKfyPo=,2FbSbigSbgIFe9zS4rBRUTauNBE=
1445,1050,19nswhhhblsNm+dPNncXLsKfyPo=,2FbSbigSbgIFe9zS4rBRUTauNBE=
1452,1049,19nswhhhblsNm+dPNncXLsKfyPo=,2FbSbigSbgIFe9zS4rBRUTauNBE=
1450,1049,19nswhhhblsNm+dPNncXLsKfyPo=,2FbSbigSbgIFe9zS4rBRUTauNBE=
1451,1049,19nswhhhblsNm+dPNncXLsKfyPo=,2FbSbigSbgIFe9zS4rBRUTauNBE=
1448,1049,19nswhhhblsNm+dPNncXLsKfyPo=,2FbSbigSbgIFe9zS4rBRUTauNBE=
1442,1050,19nswhhhblsNm+dPNncXLsKfyPo=,2FbSbigSbgIFe9zS4rBRUTauNBE=
1449,1049,19nswhhhblsNm+dPNncXLsKfyPo=,2FbSbigSbgIFe9zS4rBRUTauNBE=
1445,1049,19nswhhhblsNm+dPNncXLsKfyPo=,2FbSbigSbgIFe9zS4rBRUTauNBE=
1447,1049,19nswhhhblsNm+dPNncXLsKfyPo=,2FbSbigSbgIFe9zS4rBRUTauNBE=
1443,1049,19nswhhhblsNm+dPNncXLsKfyPo=,2FbSbigSbgIFe9zS4rBRUTauNBE=
1444,1049,19nswhhhblsNm+dPNncXLsKfyPo=,2FbSbigSbgIFe9zS4rBRUTauNBE=
1441,1049,19nswhhhblsNm+dPNncXLsKfyPo=,2FbSbigSbgIFe9zS4rBRUTauNBE=
1450,1042,19nswhhhblsNm+dPNncXLsKfyPo=,2FbSbigSbgIFe9zS4rBRUTauNBE=
1440,1049,19nswhhhblsNm+dPNncXLsKfyPo=,2FbSbigSbgIFe9zS4rBRUTauNBE=
1442,1049,19nswhhhblsNm+dPNncXLsKfyPo=,2FbSbigSbgIFe9zS4rBRUTauNBE=
1455,1048,19nswhhhblsNm+dPNncXLsKfyPo=,2FbSbigSbgIFe9zS4rBRUTauNBE=
1453,1048,19nswhhhblsNm+dPNncXLsKfyPo=,2FbSbigSbgIFe9zS4rBRUTauNBE=
1454,1048,19nswhhhblsNm+dPNncXLsKfyPo=,2FbSbigSbgIFe9zS4rBRUTauNBE=
1451,1048,19nswhhhblsNm+dPNncXLsKfyPo=,2FbSbigSbgIFe9zS4rBRUTauNBE=
1452,1048,19nswhhhblsNm+dPNncXLsKfyPo=,2FbSbigSbgIFe9zS4rBRUTauNBE=
1446,1049,19nswhhhblsNm+dPNncXLsKfyPo=,2FbSbigSbgIFe9zS4rBRUTauNBE=
1450,1048,19nswhhhblsNm+dPNncXLsKfyPo=,2FbSbigSbgIFe9zS4rBRUTauNBE=
1449,1048,19nswhhhblsNm+dPNncXLsKfyPo=,2FbSbigSbgIFe9zS4rBRUTauNBE=
1448,1048,19nswhhhblsNm+dPNncXLsKfyPo=,2FbSbigSbgIFe9zS4rBRUTauNBE=
1451,1042,19nswhhhblsNm+dPNncXLsKfyPo=,2FbSbigSbgIFe9zS4rBRUTauNBE=
1446,1048,19nswhhhblsNm+dPNncXLsKfyPo=,2FbSbigSbgIFe9zS4rBRUTauNBE=
1442,1048,19nswhhhblsNm+dPNncXLsKfyPo=,2FbSbigSbgIFe9zS4rBRUTauNBE=
1447,1048,19nswhhhblsNm+dPNncXLsKfyPo=,2FbSbigSbgIFe9zS4rBRUTauNBE=
1444,1048,19nswhhhblsNm+dPNncXLsKfyPo=,2FbSbigSbgIFe9zS4rBRUTauNBE=
1445,1048,19nswhhhblsNm+dPNncXLsKfyPo=,2FbSbigSbgIFe9zS4rBRUTauNBE=
1452,1047,19nswhhhblsNm+dPNncXLsKfyPo=,2FbSbigSbgIFe9zS4rBRUTauNBE=
1455,1047,19nswhhhblsNm+dPNncXLsKfyPo=,2FbSbigSbgIFe9zS4rBRUTauNBE=
1453,1047,19nswhhhblsNm+dPNncXLsKfyPo=,2FbSbigSbgIFe9zS4rBRUTauNBE=
1440,1048,19nswhhhblsNm+dPNncXLsKfyPo=,2FbSbigSbgIFe9zS4rBRUTauNBE=
1441,1048,19nswhhhblsNm+dPNncXLsKfyPo=,2FbSbigSbgIFe9zS4rBRUTauNBE=
1454,1047,19nswhhhblsNm+dPNncXLsKfyPo=,2FbSbigSbgIFe9zS4rBRUTauNBE=
1449,1047,19nswhhhblsNm+dPNncXLsKfyPo=,2FbSbigSbgIFe9zS4rBRUTauNBE=
1451,1047,19nswhhhblsNm+dPNncXLsKfyPo=,2FbSbigSbgIFe9zS4rBRUTauNBE=
1450,1047,19nswhhhblsNm+dPNncXLsKfyPo=,2FbSbigSbgIFe9zS4rBRUTauNBE=
1446,1047,19nswhhhblsNm+dPNncXLsKfyPo=,2FbSbigSbgIFe9zS4rBRUTauNBE=
1447,1047,19nswhhhblsNm+dPNncXLsKfyPo=,2FbSbigSbgIFe9zS4rBRUTauNBE=
1452,1042,19nswhhhblsNm+dPNncXLsKfyPo=,2FbSbigSbgIFe9zS4rBRUTauNBE=
1443,1048,19nswhhhblsNm+dPNncXLsKfyPo=,2FbSbigSbgIFe9zS4rBRUTauNBE=
1444,1047,19nswhhhblsNm+dPNncXLsKfyPo=,2FbSbigSbgIFe9zS4rBRUTauNBE=
1442,1047,19nswhhhblsNm+dPNncXLsKfyPo=,2FbSbigSbgIFe9zS4rBRUTauNBE=
1445,1047,19nswhhhblsNm+dPNncXLsKfyPo=,2FbSbigSbgIFe9zS4rBRUTauNBE=
1454,1046,19nswhhhblsNm+dPNncXLsKfyPo=,2FbSbigSbgIFe9zS4rBRUTauNBE=
1455,1046,19nswhhhblsNm+dPNncXLsKfyPo=,2FbSbigSbgIFe9zS4rBRUTauNBE=
1453,1046,19nswhhhblsNm+dPNncXLsKfyPo=,2FbSbigSbgIFe9zS4rBRUTauNBE=
1450,1046,19nswhhhblsNm+dPNncXLsKfyPo=,2FbSbigSbgIFe9zS4rBRUTauNBE=
1451,1046,19nswhhhblsNm+dPNncXLsKfyPo=,2FbSbigSbgIFe9zS4rBRUTauNBE=
1443,1047,19nswhhhblsNm+dPNncXLsKfyPo=,2FbSbigSbgIFe9zS4rBRUTauNBE=
1441,1047,19nswhhhblsNm+dPNncXLsKfyPo=,2FbSbigSbgIFe9zS4rBRUTauNBE=
1452,1046,19nswhhhblsNm+dPNncXLsKfyPo=,2FbSbigSbgIFe9zS4rBRUTauNBE=
1448,1046,19nswhhhblsNm+dPNncXLsKfyPo=,2FbSbigSbgIFe9zS4rBRUTauNBE=
1453,1042,19nswhhhblsNm+dPNncXLsKfyPo=,2FbSbigSbgIFe9zS4rBRUTauNBE=
1446,1046,19nswhhhblsNm+dPNncXLsKfyPo=,2FbSbigSbgIFe9zS4rBRUTauNBE=
1444,1046,19nswhhhblsNm+dPNncXLsKfyPo=,2FbSbigSbgIFe9zS4rBRUTauNBE=
1447,1046,19nswhhhblsNm+dPNncXLsKfyPo=,2FbSbigSbgIFe9zS4rBRUTauNBE=
1449,1046,19nswhhhblsNm+dPNncXLsKfyPo=,2FbSbigSbgIFe9zS4rBRUTauNBE=
1445,1046,19nswhhhblsNm+dPNncXLsKfyPo=,2FbSbigSbgIFe9zS4rBRUTauNBE=
1441,1046,19nswhhhblsNm+dPNncXLsKfyPo=,2FbSbigSbgIFe9zS4rBRUTauNBE=
1443,1046,19nswhhhblsNm+dPNncXLsKfyPo=,2FbSbigSbgIFe9zS4rBRUTauNBE=
1440,1046,19nswhhhblsNm+dPNncXLsKfyPo=,2FbSbigSbgIFe9zS4rBRUTauNBE=
1454,1045,19nswhhhblsNm+dPNncXLsKfyPo=,2FbSbigSbgIFe9zS4rBRUTauNBE=
1442,1046,19nswhhhblsNm+dPNncXLsKfyPo=,2FbSbigSbgIFe9zS4rBRUTauNBE=
1451,1045,19nswhhhblsNm+dPNncXLsKfyPo=,2FbSbigSbgIFe9zS4rBRUTauNBE=
1453,1045,19nswhhhblsNm+dPNncXLsKfyPo=,2FbSbigSbgIFe9zS4rBRUTauNBE=
1455,1045,19nswhhhblsNm+dPNncXLsKfyPo=,2FbSbigSbgIFe9zS4rBRUTauNBE=
1449,1045,19nswhhhblsNm+dPNncXLsKfyPo=,2FbSbigSbgIFe9zS4rBRUTauNBE=
1454,1042,19nswhhhblsNm+dPNncXLsKfyPo=,2FbSbigSbgIFe9zS4rBRUTauNBE=
1452,1045,19nswhhhblsNm+dPNncXLsKfyPo=,2FbSbigSbgIFe9zS4rBRUTauNBE=
1450,1045,19nswhhhblsNm+dPNncXLsKfyPo=,2FbSbigSbgIFe9zS4rBRUTauNBE=
1447,1045,19nswhhhblsNm+dPNncXLsKfyPo=,2FbSbigSbgIFe9zS4rBRUTauNBE=
1448,1045,19nswhhhblsNm+dPNncXLsKfyPo=,2FbSbigSbgIFe9zS4rBRUTauNBE=
1448,1047,19nswhhhblsNm+dPNncXLsKfyPo=,2FbSbigSbgIFe9zS4rBRUTauNBE=
1443,1045,19nswhhhblsNm+dPNncXLsKfyPo=,2FbSbigSbgIFe9zS4rBRUTauNBE=
1446,1045,19nswhhhblsNm+dPNncXLsKfyPo=,2FbSbigSbgIFe9zS4rBRUTauNBE=
1441,1045,19nswhhhblsNm+dPNncXLsKfyPo=,2FbSbigSbgIFe9zS4rBRUTauNBE=
1442,1045,19nswhhhblsNm+dPNncXLsKfyPo=,2FbSbigSbgIFe9zS4rBRUTauNBE=
1444,1045,19nswhhhblsNm+dPNncXLsKfyPo=,2FbSbigSbgIFe9zS4rBRUTauNBE=
1440,1047,19nswhhhblsNm+dPNncXLsKfyPo=,2FbSbigSbgIFe9zS4rBRUTauNBE=
1453,1044,19nswhhhblsNm+dPNncXLsKfyPo=,2FbSbigSbgIFe9zS4rBRUTauNBE=
1440,1045,19nswhhhblsNm+dPNncXLsKfyPo=,2FbSbigSbgIFe9zS4rBRUTauNBE=
1445,1045,19nswhhhblsNm+dPNncXLsKfyPo=,2FbSbigSbgIFe9zS4rBRUTauNBE=
1452,1044,19nswhhhblsNm+dPNncXLsKfyPo=,2FbSbigSbgIFe9zS4rBRUTauNBE=
1454,1044,19nswhhhblsNm+dPNncXLsKfyPo=,2FbSbigSbgIFe9zS4rBRUTauNBE=
1451,1044,19nswhhhblsNm+dPNncXLsKfyPo=,2FbSbigSbgIFe9zS4rBRUTauNBE=
1455,1044,19nswhhhblsNm+dPNncXLsKfyPo=,2FbSbigSbgIFe9zS4rBRUTauNBE=
1450,1044,19nswhhhblsNm+dPNncXLsKfyPo=,2FbSbigSbgIFe9zS4rBRUTauNBE=
1449,1044,19nswhhhblsNm+dPNncXLsKfyPo=,2FbSbigSbgIFe9zS4rBRUTauNBE=
1448,1044,19nswhhhblsNm+dPNncXLsKfyPo=,2FbSbigSbgIFe9zS4rBRUTauNBE=
1447,1044,19nswhhhblsNm+dPNncXLsKfyPo=,2FbSbigSbgIFe9zS4rBRUTauNBE=
1455,1042,19nswhhhblsNm+dPNncXLsKfyPo=,2FbSbigSbgIFe9zS4rBRUTauNBE=
1448,1043,19nswhhhblsNm+dPNncXLsKfyPo=,2FbSbigSbgIFe9zS4rBRUTauNBE=
1443,1044,19nswhhhblsNm+dPNncXLsKfyPo=,2FbSbigSbgIFe9zS4rBRUTauNBE=
1441,1044,19nswhhhblsNm+dPNncXLsKfyPo=,2FbSbigSbgIFe9zS4rBRUTauNBE=
1440,1043,19nswhhhblsNm+dPNncXLsKfyPo=,2FbSbigSbgIFe9zS4rBRUTauNBE=
1446,1044,19nswhhhblsNm+dPNncXLsKfyPo=,2FbSbigSbgIFe9zS4rBRUTauNBE=
1445,1044,19nswhhhblsNm+dPNncXLsKfyPo=,2FbSbigSbgIFe9zS4rBRUTauNBE=
1450,1043,19nswhhhblsNm+dPNncXLsKfyPo=,2FbSbigSbgIFe9zS4rBRUTauNBE=
1440,1044,19nswhhhblsNm+dPNncXLsKfyPo=,2FbSbigSbgIFe9zS4rBRUTauNBE=
1442,1044,19nswhhhblsNm+dPNncXLsKfyPo=,2FbSbigSbgIFe9zS4rBRUTauNBE=
1453,1043,19nswhhhblsNm+dPNncXLsKfyPo=,2FbSbigSbgIFe9zS4rBRUTauNBE=
1449,1043,19nswhhhblsNm+dPNncXLsKfyPo=,2FbSbigSbgIFe9zS4rBRUTauNBE=
1444,1043,19nswhhhblsNm+dPNncXLsKfyPo=,2FbSbigSbgIFe9zS4rBRUTauNBE=
1447,1043,19nswhhhblsNm+dPNncXLsKfyPo=,2FbSbigSbgIFe9zS4rBRUTauNBE=
1443,1043,19nswhhhblsNm+dPNncXLsKfyPo=,2FbSbigSbgIFe9zS4rBRUTauNBE=
1442,1043,19nswhhhblsNm+dPNncXLsKfyPo=,2FbSbigSbgIFe9zS4rBRUTauNBE=
1441,1043,19nswhhhblsNm+dPNncXLsKfyPo=,2FbSbigSbgIFe9zS4rBRUTauNBE=
1455,1043,19nswhhhblsNm+dPNncXLsKfyPo=,2FbSbigSbgIFe9zS4rBRUTauNBE=
1452,1043,19nswhhhblsNm+dPNncXLsKfyPo=,2FbSbigSbgIFe9zS4rBRUTauNBE=
1445,1043,19nswhhhblsNm+dPNncXLsKfyPo=,2FbSbigSbgIFe9zS4rBRUTauNBE=
1446,1043,19nswhhhblsNm+dPNncXLsKfyPo=,2FbSbigSbgIFe9zS4rBRUTauNBE=
1451,1043,19nswhhhblsNm+dPNncXLsKfyPo=,2FbSbigSbgIFe9zS4rBRUTauNBE=
1444,1044,19nswhhhblsNm+dPNncXLsKfyPo=,2FbSbigSbgIFe9zS4rBRUTauNBE=
1454,1043,19nswhhhblsNm+dPNncXLsKfyPo=,2FbSbigSbgIFe9zS4rBRUTauNBE=
1460,1040,Vx6OJGKfM2wCHDfXBUrKjnv/zQE=,2FbSbigSbgIFe9zS4rBRUTauNBE=
1458,1040,Vx6OJGKfM2wCHDfXBUrKjnv/zQE=,2FbSbigSbgIFe9zS4rBRUTauNBE=
1459,1040,Vx6OJGKfM2wCHDfXBUrKjnv/zQE=,2FbSbigSbgIFe9zS4rBRUTauNBE=
1461,1040,Vx6OJGKfM2wCHDfXBUrKjnv/zQE=,2FbSbigSbgIFe9zS4rBRUTauNBE=
1457,1040,Vx6OJGKfM2wCHDfXBUrKjnv/zQE=,2FbSbigSbgIFe9zS4rBRUTauNBE=
1456,1040,Vx6OJGKfM2wCHDfXBUrKjnv/zQE=,2FbSbigSbgIFe9zS4rBRUTauNBE=
1462,1040,Vx6OJGKfM2wCHDfXBUrKjnv/zQE=,2FbSbigSbgIFe9zS4rBRUTauNBE=
1463,1040,Vx6OJGKfM2wCHDfXBUrKjnv/zQE=,2FbSbigSbgIFe9zS4rBRUTauNBE=
1464,1040,Vx6OJGKfM2wCHDfXBUrKjnv/zQE=,2FbSbigSbgIFe9zS4rBRUTauNBE=
1470,1055,Vx6OJGKfM2wCHDfXBUrKjnv/zQE=,2FbSbigSbgIFe9zS4rBRUTauNBE=
1465,1040,Vx6OJGKfM2wCHDfXBUrKjnv/zQE=,2FbSbigSbgIFe9zS4rBRUTauNBE=
1471,1055,Vx6OJGKfM2wCHDfXBUrKjnv/zQE=,2FbSbigSbgIFe9zS4rBRUTauNBE=
1466,1040,Vx6OJGKfM2wCHDfXBUrKjnv/zQE=,2FbSbigSbgIFe9zS4rBRUTauNBE=
1469,1055,Vx6OJGKfM2wCHDfXBUrKjnv/zQE=,2FbSbigSbgIFe9zS4rBRUTauNBE=
1467,1040,Vx6OJGKfM2wCHDfXBUrKjnv/zQE=,2FbSbigSbgIFe9zS4rBRUTauNBE=
1468,1040,Vx6OJGKfM2wCHDfXBUrKjnv/zQE=,2FbSbigSbgIFe9zS4rBRUTauNBE=
1467,1055,Vx6OJGKfM2wCHDfXBUrKjnv/zQE=,2FbSbigSbgIFe9zS4rBRUTauNBE=
1468,1055,Vx6OJGKfM2wCHDfXBUrKjnv/zQE=,2FbSbigSbgIFe9zS4rBRUTauNBE=
1469,1040,Vx6OJGKfM2wCHDfXBUrKjnv/zQE=,2FbSbigSbgIFe9zS4rBRUTauNBE=
1466,1055,Vx6OJGKfM2wCHDfXBUrKjnv/zQE=,2FbSbigSbgIFe9zS4rBRUTauNBE=
1465,1055,Vx6OJGKfM2wCHDfXBUrKjnv/zQE=,2FbSbigSbgIFe9zS4rBRUTauNBE=
1470,1040,Vx6OJGKfM2wCHDfXBUrKjnv/zQE=,2FbSbigSbgIFe9zS4rBRUTauNBE=
1471,1040,Vx6OJGKfM2wCHDfXBUrKjnv/zQE=,2FbSbigSbgIFe9zS4rBRUTauNBE=
1463,1055,Vx6OJGKfM2wCHDfXBUrKjnv/zQE=,2FbSbigSbgIFe9zS4rBRUTauNBE=
1456,1041,Vx6OJGKfM2wCHDfXBUrKjnv/zQE=,2FbSbigSbgIFe9zS4rBRUTauNBE=
1464,1055,Vx6OJGKfM2wCHDfXBUrKjnv/zQE=,2FbSbigSbgIFe9zS4rBRUTauNBE=
1461,1055,Vx6OJGKfM2wCHDfXBUrKjnv/zQE=,2FbSbigSbgIFe9zS4rBRUTauNBE=
1457,1041,Vx6OJGKfM2wCHDfXBUrKjnv/zQE=,2FbSbigSbgIFe9zS4rBRUTauNBE=
1462,1055,Vx6OJGKfM2wCHDfXBUrKjnv/zQE=,2FbSbigSbgIFe9zS4rBRUTauNBE=
1459,1055,Vx6OJGKfM2wCHDfXBUrKjnv/zQE=,2FbSbigSbgIFe9zS4rBRUTauNBE=
1460,1055,Vx6OJGKfM2wCHDfXBUrKjnv/zQE=,2FbSbigSbgIFe9zS4rBRUTauNBE=
1458,1041,Vx6OJGKfM2wCHDfXBUrKjnv/zQE=,2FbSbigSbgIFe9zS4rBRUTauNBE=
1457,1055,Vx6OJGKfM2wCHDfXBUrKjnv/zQE=,2FbSbigSbgIFe9zS4rBRUTauNBE=
1458,1055,Vx6OJGKfM2wCHDfXBUrKjnv/zQE=,2FbSbigSbgIFe9zS4rBRUTauNBE=
1459,1041,Vx6OJGKfM2wCHDfXBUrKjnv/zQE=,2FbSbigSbgIFe9zS4rBRUTauNBE=
1460,1041,Vx6OJGKfM2wCHDfXBUrKjnv/zQE=,2FbSbigSbgIFe9zS4rBRUTauNBE=
1469,1054,Vx6OJGKfM2wCHDfXBUrKjnv/zQE=,2FbSbigSbgIFe9zS4rBRUTauNBE=
1471,1054,Vx6OJGKfM2wCHDfXBUrKjnv/zQE=,2FbSbigSbgIFe9zS4rBRUTauNBE=
1461,1041,Vx6OJGKfM2wCHDfXBUrKjnv/zQE=,2FbSbigSbgIFe9zS4rBRUTauNBE=
1456,1055,Vx6OJGKfM2wCHDfXBUrKjnv/zQE=,2FbSbigSbgIFe9zS4rBRUTauNBE=
1468,1054,Vx6OJGKfM2wCHDfXBUrKjnv/zQE=,2FbSbigSbgIFe9zS4rBRUTauNBE=
1462,1041,Vx6OJGKfM2wCHDfXBUrKjnv/zQE=,2FbSbigSbgIFe9zS4rBRUTauNBE=
1470,1054,Vx6OJGKfM2wCHDfXBUrKjnv/zQE=,2FbSbigSbgIFe9zS4rBRUTauNBE=
1467,1054,Vx6OJGKfM2wCHDfXBUrKjnv/zQE=,2FbSbigSbgIFe9zS4rBRUTauNBE=
1466,1054,Vx6OJGKfM2wCHDfXBUrKjnv/zQE=,2FbSbigSbgIFe9zS4rBRUTauNBE=
1463,1041,Vx6OJGKfM2wCHDfXBUrKjnv/zQE=,2FbSbigSbgIFe9zS4rBRUTauNBE=
1465,1054,Vx6OJGKfM2wCHDfXBUrKjnv/zQE=,2FbSbigSbgIFe9zS4rBRUTauNBE=
1464,1054,Vx6OJGKfM2wCHDfXBUrKjnv/zQE=,2FbSbigSbgIFe9zS4rBRUTauNBE=
1464,1041,Vx6OJGKfM2wCHDfXBUrKjnv/zQE=,2FbSbigSbgIFe9zS4rBRUTauNBE=
1463,1054,Vx6OJGKfM2wCHDfXBUrKjnv/zQE=,2FbSbigSbgIFe9zS4rBRUTauNBE=
1462,1054,Vx6OJGKfM2wCHDfXBUrKjnv/zQE=,2FbSbigSbgIFe9zS4rBRUTauNBE=
1465,1041,Vx6OJGKfM2wCHDfXBUrKjnv/zQE=,2FbSbigSbgIFe9zS4rBRUTauNBE=
1460,1054,Vx6OJGKfM2wCHDfXBUrKjnv/zQE=,2FbSbigSbgIFe9zS4rBRUTauNBE=
1459,1054,Vx6OJGKfM2wCHDfXBUrKjnv/zQE=,2FbSbigSbgIFe9zS4rBRUTauNBE=
1466,1041,Vx6OJGKfM2wCHDfXBUrKjnv/zQE=,2FbSbigSbgIFe9zS4rBRUTauNBE=
1461,1054,Vx6OJGKfM2wCHDfXBUrKjnv/zQE=,2FbSbigSbgIFe9zS4rBRUTauNBE=
1467,1041,Vx6OJGKfM2wCHDfXBUrKjnv/zQE=,2FbSbigSbgIFe9zS4rBRUTauNBE=
1458,1054,Vx6OJGKfM2wCHDfXBUrKjnv/zQE=,2FbSbigSbgIFe9zS4rBRUTauNBE=
1457,1054,Vx6OJGKfM2wCHDfXBUrKjnv/zQE=,2FbSbigSbgIFe9zS4rBRUTauNBE=
1468,1041,Vx6OJGKfM2wCHDfXBUrKjnv/zQE=,2FbSbigSbgIFe9zS4rBRUTauNBE=
1471,1053,Vx6OJGKfM2wCHDfXBUrKjnv/zQE=,2FbSbigSbgIFe9zS4rBRUTauNBE=
1469,1041,Vx6OJGKfM2wCHDfXBUrKjnv/zQE=,2FbSbigSbgIFe9zS4rBRUTauNBE=
1470,1053,Vx6OJGKfM2wCHDfXBUrKjnv/zQE=,2FbSbigSbgIFe9zS4rBRUTauNBE=
1469,1053,Vx6OJGKfM2wCHDfXBUrKjnv/zQE=,2FbSbigSbgIFe9zS4rBRUTauNBE=
1456,1054,Vx6OJGKfM2wCHDfXBUrKjnv/zQE=,2FbSbigSbgIFe9zS4rBRUTauNBE=
1470,1041,Vx6OJGKfM2wCHDfXBUrKjnv/zQE=,2FbSbigSbgIFe9zS4rBRUTauNBE=
1465,1053,Vx6OJGKfM2wCHDfXBUrKjnv/zQE=,2FbSbigSbgIFe9zS4rBRUTauNBE=
1471,1041,Vx6OJGKfM2wCHDfXBUrKjnv/zQE=,2FbSbigSbgIFe9zS4rBRUTauNBE=
1467,1053,Vx6OJGKfM2wCHDfXBUrKjnv/zQE=,2FbSbigSbgIFe9zS4rBRUTauNBE=
1463,1053,Vx6OJGKfM2wCHDfXBUrKjnv/zQE=,2FbSbigSbgIFe9zS4rBRUTauNBE=
1468,1053,Vx6OJGKfM2wCHDfXBUrKjnv/zQE=,2FbSbigSbgIFe9zS4rBRUTauNBE=
1456,1042,Vx6OJGKfM2wCHDfXBUrKjnv/zQE=,2FbSbigSbgIFe9zS4rBRUTauNBE=
1464,1053,Vx6OJGKfM2wCHDfXBUrKjnv/zQE=,2FbSbigSbgIFe9zS4rBRUTauNBE=
1466,1053,Vx6OJGKfM2wCHDfXBUrKjnv/zQE=,2FbSbigSbgIFe9zS4rBRUTauNBE=
1461,1053,Vx6OJGKfM2wCHDfXBUrKjnv/zQE=,2FbSbigSbgIFe9zS4rBRUTauNBE=
1462,1053,Vx6OJGKfM2wCHDfXBUrKjnv/zQE=,2FbSbigSbgIFe9zS4rBRUTauNBE=
1460,1053,Vx6OJGKfM2wCHDfXBUrKjnv/zQE=,2FbSbigSbgIFe9zS4rBRUTauNBE=
1457,1042,Vx6OJGKfM2wCHDfXBUrKjnv/zQE=,2FbSbigSbgIFe9zS4rBRUTauNBE=
1459,1053,Vx6OJGKfM2wCHDfXBUrKjnv/zQE=,2FbSbigSbgIFe9zS4rBRUTauNBE=
1457,1053,Vx6OJGKfM2wCHDfXBUrKjnv/zQE=,2FbSbigSbgIFe9zS4rBRUTauNBE=
1458,1042,Vx6OJGKfM2wCHDfXBUrKjnv/zQE=,2FbSbigSbgIFe9zS4rBRUTauNBE=
1458,1053,Vx6OJGKfM2wCHDfXBUrKjnv/zQE=,2FbSbigSbgIFe9zS4rBRUTauNBE=
1471,1052,Vx6OJGKfM2wCHDfXBUrKjnv/zQE=,2FbSbigSbgIFe9zS4rBRUTauNBE=
1459,1042,Vx6OJGKfM2wCHDfXBUrKjnv/zQE=,2FbSbigSbgIFe9zS4rBRUTauNBE=
1456,1053,Vx6OJGKfM2wCHDfXBUrKjnv/zQE=,2FbSbigSbgIFe9zS4rBRUTauNBE=
1469,1052,Vx6OJGKfM2wCHDfXBUrKjnv/zQE=,2FbSbigSbgIFe9zS4rBRUTauNBE=
1468,1052,Vx6OJGKfM2wCHDfXBUrKjnv/zQE=,2FbSbigSbgIFe9zS4rBRUTauNBE=
1467,1052,Vx6OJGKfM2wCHDfXBUrKjnv/zQE=,2FbSbigSbgIFe9zS4rBRUTauNBE=
1460,1042,Vx6OJGKfM2wCHDfXBUrKjnv/zQE=,2FbSbigSbgIFe9zS4rBRUTauNBE=
1470,1052,Vx6OJGKfM2wCHDfXBUrKjnv/zQE=,2FbSbigSbgIFe9zS4rBRUTauNBE=
1466,1052,Vx6OJGKfM2wCHDfXBUrKjnv/zQE=,2FbSbigSbgIFe9zS4rBRUTauNBE=
1465,1052,Vx6OJGKfM2wCHDfXBUrKjnv/zQE=,2FbSbigSbgIFe9zS4rBRUTauNBE=
1464,1052,Vx6OJGKfM2wCHDfXBUrKjnv/zQE=,2FbSbigSbgIFe9zS4rBRUTauNBE=
1463,1052,Vx6OJGKfM2wCHDfXBUrKjnv/zQE=,2FbSbigSbgIFe9zS4rBRUTauNBE=
1461,1052,Vx6OJGKfM2wCHDfXBUrKjnv/zQE=,2FbSbigSbgIFe9zS4rBRUTauNBE=
1462,1052,Vx6OJGKfM2wCHDfXBUrKjnv/zQE=,2FbSbigSbgIFe9zS4rBRUTauNBE=
1461,1042,Vx6OJGKfM2wCHDfXBUrKjnv/zQE=,2FbSbigSbgIFe9zS4rBRUTauNBE=
1460,1052,Vx6OJGKfM2wCHDfXBUrKjnv/zQE=,2FbSbigSbgIFe9zS4rBRUTauNBE=
1457,1052,Vx6OJGKfM2wCHDfXBUrKjnv/zQE=,2FbSbigSbgIFe9zS4rBRUTauNBE=
1459,1052,Vx6OJGKfM2wCHDfXBUrKjnv/zQE=,2FbSbigSbgIFe9zS4rBRUTauNBE=
1456,1052,Vx6OJGKfM2wCHDfXBUrKjnv/zQE=,2FbSbigSbgIFe9zS4rBRUTauNBE=
1471,1051,Vx6OJGKfM2wCHDfXBUrKjnv/zQE=,2FbSbigSbgIFe9zS4rBRUTauNBE=
1462,1042,Vx6OJGKfM2wCHDfXBUrKjnv/zQE=,2FbSbigSbgIFe9zS4rBRUTauNBE=
1458,1052,Vx6OJGKfM2wCHDfXBUrKjnv/zQE=,2FbSbigSbgIFe9zS4rBRUTauNBE=
1470,1051,Vx6OJGKfM2wCHDfXBUrKjnv/zQE=,2FbSbigSbgIFe9zS4rBRUTauNBE=
1463,1042,Vx6OJGKfM2wCHDfXBUrKjnv/zQE=,2FbSbigSbgIFe9zS4rBRUTauNBE=
1469,1051,Vx6OJGKfM2wCHDfXBUrKjnv/zQE=,2FbSbigSbgIFe9zS4rBRUTauNBE=
1467,1051,Vx6OJGKfM2wCHDfXBUrKjnv/zQE=,2FbSbigSbgIFe9zS4rBRUTauNBE=
1468,1051,Vx6OJGKfM2wCHDfXBUrKjnv/zQE=,2FbSbigSbgIFe9zS4rBRUTauNBE=
1466,1051,Vx6OJGKfM2wCHDfXBUrKjnv/zQE=,2FbSbigSbgIFe9zS4rBRUTauNBE=
1464,1042,Vx6OJGKfM2wCHDfXBUrKjnv/zQE=,2FbSbigSbgIFe9zS4rBRUTauNBE=
1464,1051,Vx6OJGKfM2wCHDfXBUrKjnv/zQE=,2FbSbigSbgIFe9zS4rBRUTauNBE=
1465,1051,Vx6OJGKfM2wCHDfXBUrKjnv/zQE=,2FbSbigSbgIFe9zS4rBRUTauNBE=
1463,1051,Vx6OJGKfM2wCHDfXBUrKjnv/zQE=,2FbSbigSbgIFe9zS4rBRUTauNBE=
1461,1051,Vx6OJGKfM2wCHDfXBUrKjnv/zQE=,2FbSbigSbgIFe9zS4rBRUTauNBE=
1465,1042,Vx6OJGKfM2wCHDfXBUrKjnv/zQE=,2FbSbigSbgIFe9zS4rBRUTauNBE=
1459,1051,Vx6OJGKfM2wCHDfXBUrKjnv/zQE=,2FbSbigSbgIFe9zS4rBRUTauNBE=
1458,1051,Vx6OJGKfM2wCHDfXBUrKjnv/zQE=,2FbSbigSbgIFe9zS4rBRUTauNBE=
1460,1051,Vx6OJGKfM2wCHDfXBUrKjnv/zQE=,2FbSbigSbgIFe9zS4rBRUTauNBE=
1466,1042,Vx6OJGKfM2wCHDfXBUrKjnv/zQE=,2FbSbigSbgIFe9zS4rBRUTauNBE=
1457,1051,Vx6OJGKfM2wCHDfXBUrKjnv/zQE=,2FbSbigSbgIFe9zS4rBRUTauNBE=
1467,1042,Vx6OJGKfM2wCHDfXBUrKjnv/zQE=,2FbSbigSbgIFe9zS4rBRUTauNBE=
1470,1050,Vx6OJGKfM2wCHDfXBUrKjnv/zQE=,2FbSbigSbgIFe9zS4rBRUTauNBE=
1462,1051,Vx6OJGKfM2wCHDfXBUrKjnv/zQE=,2FbSbigSbgIFe9zS4rBRUTauNBE=
1471,1050,Vx6OJGKfM2wCHDfXBUrKjnv/zQE=,2FbSbigSbgIFe9zS4rBRUTauNBE=
1456,1051,Vx6OJGKfM2wCHDfXBUrKjnv/zQE=,2FbSbigSbgIFe9zS4rBRUTauNBE=
1469,1050,Vx6OJGKfM2wCHDfXBUrKjnv/zQE=,2FbSbigSbgIFe9zS4rBRUTauNBE=
1468,1050,Vx6OJGKfM2wCHDfXBUrKjnv/zQE=,2FbSbigSbgIFe9zS4rBRUTauNBE=
1468,1042,Vx6OJGKfM2wCHDfXBUrKjnv/zQE=,2FbSbigSbgIFe9zS4rBRUTauNBE=
1467,1050,Vx6OJGKfM2wCHDfXBUrKjnv/zQE=,2FbSbigSbgIFe9zS4rBRUTauNBE=
1465,1050,Vx6OJGKfM2wCHDfXBUrKjnv/zQE=,2FbSbigSbgIFe9zS4rBRUTauNBE=
1464,1050,Vx6OJGKfM2wCHDfXBUrKjnv/zQE=,2FbSbigSbgIFe9zS4rBRUTauNBE=
1466,1050,Vx6OJGKfM2wCHDfXBUrKjnv/zQE=,2FbSbigSbgIFe9zS4rBRUTauNBE=
1469,1042,Vx6OJGKfM2wCHDfXBUrKjnv/zQE=,2FbSbigSbgIFe9zS4rBRUTauNBE=
1463,1050,Vx6OJGKfM2wCHDfXBUrKjnv/zQE=,2FbSbigSbgIFe9zS4rBRUTauNBE=
1460,1050,Vx6OJGKfM2wCHDfXBUrKjnv/zQE=,2FbSbigSbgIFe9zS4rBRUTauNBE=
1461,1050,Vx6OJGKfM2wCHDfXBUrKjnv/zQE=,2FbSbigSbgIFe9zS4rBRUTauNBE=
1462,1050,Vx6OJGKfM2wCHDfXBUrKjnv/zQE=,2FbSbigSbgIFe9zS4rBRUTauNBE=
1458,1050,Vx6OJGKfM2wCHDfXBUrKjnv/zQE=,2FbSbigSbgIFe9zS4rBRUTauNBE=
1459,1050,Vx6OJGKfM2wCHDfXBUrKjnv/zQE=,2FbSbigSbgIFe9zS4rBRUTauNBE=
1470,1042,Vx6OJGKfM2wCHDfXBUrKjnv/zQE=,2FbSbigSbgIFe9zS4rBRUTauNBE=
1470,1049,Vx6OJGKfM2wCHDfXBUrKjnv/zQE=,2FbSbigSbgIFe9zS4rBRUTauNBE=
1456,1050,Vx6OJGKfM2wCHDfXBUrKjnv/zQE=,2FbSbigSbgIFe9zS4rBRUTauNBE=
1457,1050,Vx6OJGKfM2wCHDfXBUrKjnv/zQE=,2FbSbigSbgIFe9zS4rBRUTauNBE=
1469,1049,Vx6OJGKfM2wCHDfXBUrKjnv/zQE=,2FbSbigSbgIFe9zS4rBRUTauNBE=
1471,1049,Vx6OJGKfM2wCHDfXBUrKjnv/zQE=,2FbSbigSbgIFe9zS4rBRUTauNBE=
1468,1049,Vx6OJGKfM2wCHDfXBUrKjnv/zQE=,2FbSbigSbgIFe9zS4rBRUTauNBE=
1471,1042,Vx6OJGKfM2wCHDfXBUrKjnv/zQE=,2FbSbigSbgIFe9zS4rBRUTauNBE=
1466,1049,Vx6OJGKfM2wCHDfXBUrKjnv/zQE=,2FbSbigSbgIFe9zS4rBRUTauNBE=
1465,1049,Vx6OJGKfM2wCHDfXBUrKjnv/zQE=,2FbSbigSbgIFe9zS4rBRUTauNBE=
1464,1049,Vx6OJGKfM2wCHDfXBUrKjnv/zQE=,2FbSbigSbgIFe9zS4rBRUTauNBE=
1456,1043,Vx6OJGKfM2wCHDfXBUrKjnv/zQE=,2FbSbigSbgIFe9zS4rBRUTauNBE=
1461,1049,Vx6OJGKfM2wCHDfXBUrKjnv/zQE=,2FbSbigSbgIFe9zS4rBRUTauNBE=
1467,1049,Vx6OJGKfM2wCHDfXBUrKjnv/zQE=,2FbSbigSbgIFe9zS4rBRUTauNBE=
1463,1049,Vx6OJGKfM2wCHDfXBUrKjnv/zQE=,2FbSbigSbgIFe9zS4rBRUTauNBE=
1462,1049,Vx6OJGKfM2wCHDfXBUrKjnv/zQE=,2FbSbigSbgIFe9zS4rBRUTauNBE=
1460,1049,Vx6OJGKfM2wCHDfXBUrKjnv/zQE=,2FbSbigSbgIFe9zS4rBRUTauNBE=
1457,1043,Vx6OJGKfM2wCHDfXBUrKjnv/zQE=,2FbSbigSbgIFe9zS4rBRUTauNBE=
1458,1049,Vx6OJGKfM2wCHDfXBUrKjnv/zQE=,2FbSbigSbgIFe9zS4rBRUTauNBE=
1456,1049,Vx6OJGKfM2wCHDfXBUrKjnv/zQE=,2FbSbigSbgIFe9zS4rBRUTauNBE=
1459,1049,Vx6OJGKfM2wCHDfXBUrKjnv/zQE=,2FbSbigSbgIFe9zS4rBRUTauNBE=
1458,1043,Vx6OJGKfM2wCHDfXBUrKjnv/zQE=,2FbSbigSbgIFe9zS4rBRUTauNBE=
1471,1048,Vx6OJGKfM2wCHDfXBUrKjnv/zQE=,2FbSbigSbgIFe9zS4rBRUTauNBE=
1457,1049,Vx6OJGKfM2wCHDfXBUrKjnv/zQE=,2FbSbigSbgIFe9zS4rBRUTauNBE=
1469,1048,Vx6OJGKfM2wCHDfXBUrKjnv/zQE=,2FbSbigSbgIFe9zS4rBRUTauNBE=
1467,1048,Vx6OJGKfM2wCHDfXBUrKjnv/zQE=,2FbSbigSbgIFe9zS4rBRUTauNBE=
1459,1043,Vx6OJGKfM2wCHDfXBUrKjnv/zQE=,2FbSbigSbgIFe9zS4rBRUTauNBE=
1468,1048,Vx6OJGKfM2wCHDfXBUrKjnv/zQE=,2FbSbigSbgIFe9zS4rBRUTauNBE=
1466,1048,Vx6OJGKfM2wCHDfXBUrKjnv/zQE=,2FbSbigSbgIFe9zS4rBRUTauNBE=
1470,1048,Vx6OJGKfM2wCHDfXBUrKjnv/zQE=,2FbSbigSbgIFe9zS4rBRUTauNBE=
1463,1048,Vx6OJGKfM2wCHDfXBUrKjnv/zQE=,2FbSbigSbgIFe9zS4rBRUTauNBE=
1465,1048,Vx6OJGKfM2wCHDfXBUrKjnv/zQE=,2FbSbigSbgIFe9zS4rBRUTauNBE=
1464,1048,Vx6OJGKfM2wCHDfXBUrKjnv/zQE=,2FbSbigSbgIFe9zS4rBRUTauNBE=
1460,1043,Vx6OJGKfM2wCHDfXBUrKjnv/zQE=,2FbSbigSbgIFe9zS4rBRUTauNBE=
1460,1048,Vx6OJGKfM2wCHDfXBUrKjnv/zQE=,2FbSbigSbgIFe9zS4rBRUTauNBE=
1461,1048,Vx6OJGKfM2wCHDfXBUrKjnv/zQE=,2FbSbigSbgIFe9zS4rBRUTauNBE=
1462,1048,Vx6OJGKfM2wCHDfXBUrKjnv/zQE=,2FbSbigSbgIFe9zS4rBRUTauNBE=
1459,1048,Vx6OJGKfM2wCHDfXBUrKjnv/zQE=,2FbSbigSbgIFe9zS4rBRUTauNBE=
1458,1048,Vx6OJGKfM2wCHDfXBUrKjnv/zQE=,2FbSbigSbgIFe9zS4rBRUTauNBE=
1456,1048,Vx6OJGKfM2wCHDfXBUrKjnv/zQE=,2FbSbigSbgIFe9zS4rBRUTauNBE=
1461,1043,Vx6OJGKfM2wCHDfXBUrKjnv/zQE=,2FbSbigSbgIFe9zS4rBRUTauNBE=
1457,1048,Vx6OJGKfM2wCHDfXBUrKjnv/zQE=,2FbSbigSbgIFe9zS4rBRUTauNBE=
1470,1047,Vx6OJGKfM2wCHDfXBUrKjnv/zQE=,2FbSbigSbgIFe9zS4rBRUTauNBE=
1462,1043,Vx6OJGKfM2wCHDfXBUrKjnv/zQE=,2FbSbigSbgIFe9zS4rBRUTauNBE=
1471,1047,Vx6OJGKfM2wCHDfXBUrKjnv/zQE=,2FbSbigSbgIFe9zS4rBRUTauNBE=
1468,1047,Vx6OJGKfM2wCHDfXBUrKjnv/zQE=,2FbSbigSbgIFe9zS4rBRUTauNBE=
1466,1047,Vx6OJGKfM2wCHDfXBUrKjnv/zQE=,2FbSbigSbgIFe9zS4rBRUTauNBE=
1465,1047,Vx6OJGKfM2wCHDfXBUrKjnv/zQE=,2FbSbigSbgIFe9zS4rBRUTauNBE=
1469,1047,Vx6OJGKfM2wCHDfXBUrKjnv/zQE=,2FbSbigSbgIFe9zS4rBRUTauNBE=
1464,1047,Vx6OJGKfM2wCHDfXBUrKjnv/zQE=,2FbSbigSbgIFe9zS4rBRUTauNBE=
1467,1047,Vx6OJGKfM2wCHDfXBUrKjnv/zQE=,2FbSbigSbgIFe9zS4rBRUTauNBE=
1462,1047,Vx6OJGKfM2wCHDfXBUrKjnv/zQE=,2FbSbigSbgIFe9zS4rBRUTauNBE=
1459,1047,Vx6OJGKfM2wCHDfXBUrKjnv/zQE=,2FbSbigSbgIFe9zS4rBRUTauNBE=
1463,1043,Vx6OJGKfM2wCHDfXBUrKjnv/zQE=,2FbSbigSbgIFe9zS4rBRUTauNBE=
1463,1047,Vx6OJGKfM2wCHDfXBUrKjnv/zQE=,2FbSbigSbgIFe9zS4rBRUTauNBE=
1456,1047,Vx6OJGKfM2wCHDfXBUrKjnv/zQE=,2FbSbigSbgIFe9zS4rBRUTauNBE=
1458,1047,Vx6OJGKfM2wCHDfXBUrKjnv/zQE=,2FbSbigSbgIFe9zS4rBRUTauNBE=
1461,1047,Vx6OJGKfM2wCHDfXBUrKjnv/zQE=,2FbSbigSbgIFe9zS4rBRUTauNBE=
1460,1047,Vx6OJGKfM2wCHDfXBUrKjnv/zQE=,2FbSbigSbgIFe9zS4rBRUTauNBE=
1464,1043,Vx6OJGKfM2wCHDfXBUrKjnv/zQE=,2FbSbigSbgIFe9zS4rBRUTauNBE=
1469,1046,Vx6OJGKfM2wCHDfXBUrKjnv/zQE=,2FbSbigSbgIFe9zS4rBRUTauNBE=
1468,1046,Vx6OJGKfM2wCHDfXBUrKjnv/zQE=,2FbSbigSbgIFe9zS4rBRUTauNBE=
1457,1047,Vx6OJGKfM2wCHDfXBUrKjnv/zQE=,2FbSbigSbgIFe9zS4rBRUTauNBE=
1467,1046,Vx6OJGKfM2wCHDfXBUrKjnv/zQE=,2FbSbigSbgIFe9zS4rBRUTauNBE=
1465,1046,Vx6OJGKfM2wCHDfXBUrKjnv/zQE=,2FbSbigSbgIFe9zS4rBRUTauNBE=
1470,1046,Vx6OJGKfM2wCHDfXBUrKjnv/zQE=,2FbSbigSbgIFe9zS4rBRUTauNBE=
1466,1046,Vx6OJGKfM2wCHDfXBUrKjnv/zQE=,2FbSbigSbgIFe9zS4rBRUTauNBE=
1464,1046,Vx6OJGKfM2wCHDfXBUrKjnv/zQE=,2FbSbigSbgIFe9zS4rBRUTauNBE=
1460,1046,Vx6OJGKfM2wCHDfXBUrKjnv/zQE=,2FbSbigSbgIFe9zS4rBRUTauNBE=
1463,1046,Vx6OJGKfM2wCHDfXBUrKjnv/zQE=,2FbSbigSbgIFe9zS4rBRUTauNBE=
1459,1046,Vx6OJGKfM2wCHDfXBUrKjnv/zQE=,2FbSbigSbgIFe9zS4rBRUTauNBE=
1461,1046,Vx6OJGKfM2wCHDfXBUrKjnv/zQE=,2FbSbigSbgIFe9zS4rBRUTauNBE=
1457,1046,Vx6OJGKfM2wCHDfXBUrKjnv/zQE=,2FbSbigSbgIFe9zS4rBRUTauNBE=
1471,1046,Vx6OJGKfM2wCHDfXBUrKjnv/zQE=,2FbSbigSbgIFe9zS4rBRUTauNBE=
1462,1046,Vx6OJGKfM2wCHDfXBUrKjnv/zQE=,2FbSbigSbgIFe9zS4rBRUTauNBE=
1471,1045,Vx6OJGKfM2wCHDfXBUrKjnv/zQE=,2FbSbigSbgIFe9zS4rBRUTauNBE=
1470,1045,Vx6OJGKfM2wCHDfXBUrKjnv/zQE=,2FbSbigSbgIFe9zS4rBRUTauNBE=
1466,1043,Vx6OJGKfM2wCHDfXBUrKjnv/zQE=,2FbSbigSbgIFe9zS4rBRUTauNBE=
1465,1043,Vx6OJGKfM2wCHDfXBUrKjnv/zQE=,2FbSbigSbgIFe9zS4rBRUTauNBE=
1458,1046,Vx6OJGKfM2wCHDfXBUrKjnv/zQE=,2FbSbigSbgIFe9zS4rBRUTauNBE=
1469,1045,Vx6OJGKfM2wCHDfXBUrKjnv/zQE=,2FbSbigSbgIFe9zS4rBRUTauNBE=
1467,1045,Vx6OJGKfM2wCHDfXBUrKjnv/zQE=,2FbSbigSbgIFe9zS4rBRUTauNBE=
1468,1045,Vx6OJGKfM2wCHDfXBUrKjnv/zQE=,2FbSbigSbgIFe9zS4rBRUTauNBE=
1456,1046,Vx6OJGKfM2wCHDfXBUrKjnv/zQE=,2FbSbigSbgIFe9zS4rBRUTauNBE=
1464,1045,Vx6OJGKfM2wCHDfXBUrKjnv/zQE=,2FbSbigSbgIFe9zS4rBRUTauNBE=
1466,1045,Vx6OJGKfM2wCHDfXBUrKjnv/zQE=,2FbSbigSbgIFe9zS4rBRUTauNBE=
1465,1045,Vx6OJGKfM2wCHDfXBUrKjnv/zQE=,2FbSbigSbgIFe9zS4rBRUTauNBE=
1467,1043,Vx6OJGKfM2wCHDfXBUrKjnv/zQE=,2FbSbigSbgIFe9zS4rBRUTauNBE=
1460,1045,Vx6OJGKfM2wCHDfXBUrKjnv/zQE=,2FbSbigSbgIFe9zS4rBRUTauNBE=
1462,1045,Vx6OJGKfM2wCHDfXBUrKjnv/zQE=,2FbSbigSbgIFe9zS4rBRUTauNBE=
1463,1045,Vx6OJGKfM2wCHDfXBUrKjnv/zQE=,2FbSbigSbgIFe9zS4rBRUTauNBE=
1459,1045,Vx6OJGKfM2wCHDfXBUrKjnv/zQE=,2FbSbigSbgIFe9zS4rBRUTauNBE=
1461,1045,Vx6OJGKfM2wCHDfXBUrKjnv/zQE=,2FbSbigSbgIFe9zS4rBRUTauNBE=
1465,1044,Vx6OJGKfM2wCHDfXBUrKjnv/zQE=,2FbSbigSbgIFe9zS4rBRUTauNBE=
1469,1044,Vx6OJGKfM2wCHDfXBUrKjnv/zQE=,2FbSbigSbgIFe9zS4rBRUTauNBE=
1458,1045,Vx6OJGKfM2wCHDfXBUrKjnv/zQE=,2FbSbigSbgIFe9zS4rBRUTauNBE=
1462,1044,Vx6OJGKfM2wCHDfXBUrKjnv/zQE=,2FbSbigSbgIFe9zS4rBRUTauNBE=
1461,1044,Vx6OJGKfM2wCHDfXBUrKjnv/zQE=,2FbSbigSbgIFe9zS4rBRUTauNBE=
1463,1044,Vx6OJGKfM2wCHDfXBUrKjnv/zQE=,2FbSbigSbgIFe9zS4rBRUTauNBE=
1460,1044,Vx6OJGKfM2wCHDfXBUrKjnv/zQE=,2FbSbigSbgIFe9zS4rBRUTauNBE=
1471,1044,Vx6OJGKfM2wCHDfXBUrKjnv/zQE=,2FbSbigSbgIFe9zS4rBRUTauNBE=
1457,1045,Vx6OJGKfM2wCHDfXBUrKjnv/zQE=,2FbSbigSbgIFe9zS4rBRUTauNBE=
1469,1043,Vx6OJGKfM2wCHDfXBUrKjnv/zQE=,2FbSbigSbgIFe9zS4rBRUTauNBE=
1459,1044,Vx6OJGKfM2wCHDfXBUrKjnv/zQE=,2FbSbigSbgIFe9zS4rBRUTauNBE=
1456,1044,Vx6OJGKfM2wCHDfXBUrKjnv/zQE=,2FbSbigSbgIFe9zS4rBRUTauNBE=
1457,1044,Vx6OJGKfM2wCHDfXBUrKjnv/zQE=,2FbSbigSbgIFe9zS4rBRUTauNBE=
1470,1043,Vx6OJGKfM2wCHDfXBUrKjnv/zQE=,2FbSbigSbgIFe9zS4rBRUTauNBE=
1470,1044,Vx6OJGKfM2wCHDfXBUrKjnv/zQE=,2FbSbigSbgIFe9zS4rBRUTauNBE=
1467,1044,Vx6OJGKfM2wCHDfXBUrKjnv/zQE=,2FbSbigSbgIFe9zS4rBRUTauNBE=
1466,1044,Vx6OJGKfM2wCHDfXBUrKjnv/zQE=,2FbSbigSbgIFe9zS4rBRUTauNBE=
1468,1044,Vx6OJGKfM2wCHDfXBUrKjnv/zQE=,2FbSbigSbgIFe9zS4rBRUTauNBE=
1458,1044,Vx6OJGKfM2wCHDfXBUrKjnv/zQE=,2FbSbigSbgIFe9zS4rBRUTauNBE=
1471,1043,Vx6OJGKfM2wCHDfXBUrKjnv/zQE=,2FbSbigSbgIFe9zS4rBRUTauNBE=
1468,1043,Vx6OJGKfM2wCHDfXBUrKjnv/zQE=,2FbSbigSbgIFe9zS4rBRUTauNBE=
1464,1044,Vx6OJGKfM2wCHDfXBUrKjnv/zQE=,2FbSbigSbgIFe9zS4rBRUTauNBE=
1456,1045,Vx6OJGKfM2wCHDfXBUrKjnv/zQE=,2FbSbigSbgIFe9zS4rBRUTauNBE=
